0.000001956	120.978616000	0.000000000
0.095911072	120.978616000	0.000000000
0.191842259	121.031564000	0.000000000
0.287792722	121.440020000	0.000000000
0.383721115	121.235792000	0.000000000
0.464052834	121.129896000	0.000000000
0.560034027	121.046692000	0.000000000
0.655969404	121.076948000	0.000000000
0.751916794	121.084512000	0.000000000
0.847812222	120.910540000	0.000000000
0.943785593	120.797080000	0.000000000
1.040047827	120.789516000	0.000000000
1.120316130	120.645800000	0.000000000
1.215297196	120.653364000	0.000000000
1.311210782	120.471828000	0.000000000
1.407124928	120.418880000	0.000000000
1.503080699	120.350804000	0.000000000
1.599015517	120.214652000	0.000000000
1.679355616	120.154140000	0.000000000
1.775344073	120.154140000	0.000000000
1.871212682	120.131448000	0.000000000
1.967171247	120.025552000	0.000000000
2.063111652	119.987732000	0.000000000
2.159039207	119.889400000	0.000000000
2.239351091	122.090524000	0.000000000
2.335306862	121.470276000	0.000000000
2.431229109	121.296304000	0.000000000
2.527227623	121.069384000	0.000000000
2.623106009	120.971052000	0.000000000
2.719067647	120.002860000	0.000000000
2.799407187	120.017988000	0.000000000
2.895351504	119.836452000	0.000000000
2.991243300	119.511200000	0.000000000
3.087218068	119.185948000	0.000000000
3.183243960	119.095180000	0.000000000
3.279120950	119.027104000	0.000000000
3.375037610	118.732108000	0.000000000
3.455353124	118.603520000	0.000000000
3.551301632	119.692736000	0.000000000
3.647217454	119.352356000	0.000000000
3.743194177	119.148128000	0.000000000
3.839086253	119.700300000	0.000000000
3.935081135	119.896964000	0.000000000
4.015435761	119.541456000	0.000000000
4.111304928	119.836452000	0.000000000
4.207340039	119.927220000	0.000000000
4.303149143	119.639788000	0.000000000
4.399125587	120.766824000	0.000000000
4.495042247	120.812208000	0.000000000
4.575407210	120.971052000	0.000000000
4.671310180	121.145024000	0.000000000
4.767294447	120.744132000	0.000000000
4.863176745	121.182844000	0.000000000
4.959176655	121.054256000	0.000000000
5.055091359	121.107204000	0.000000000
5.150995448	121.235792000	0.000000000
5.231377452	121.447584000	0.000000000
5.327262823	121.250920000	0.000000000
5.423231165	121.281176000	0.000000000
5.519165983	121.334124000	0.000000000
5.615077615	121.266048000	0.000000000
5.711076687	121.076948000	0.000000000
5.791432431	121.137460000	0.000000000
5.887354398	121.326560000	0.000000000
5.983251782	120.993744000	0.000000000
6.079199731	121.341688000	0.000000000
6.175104937	121.409764000	0.000000000
6.271062384	121.364380000	0.000000000
6.351380692	121.311432000	0.000000000
6.447324450	121.349252000	0.000000000
6.543253961	121.447584000	0.000000000
6.639231522	121.492968000	0.000000000
6.735164385	121.424892000	0.000000000
6.831097807	121.394636000	0.000000000
6.926066022	121.379508000	0.000000000
7.006364217	121.462712000	0.000000000
7.102261042	121.235792000	0.000000000
7.198218489	121.235792000	0.000000000
7.294203593	121.296304000	0.000000000
7.390134500	121.137460000	0.000000000
7.486009535	121.417328000	0.000000000
7.566357456	121.250920000	0.000000000
7.662282217	121.266048000	0.000000000
7.758270674	121.175280000	0.000000000
7.854187893	121.054256000	0.000000000
7.950163498	120.940796000	0.000000000
8.046034622	121.167716000	0.000000000
8.126353210	121.326560000	0.000000000
8.222315685	121.296304000	0.000000000
8.318343812	121.462712000	0.000000000
8.414186999	121.417328000	0.000000000
8.510152827	121.568608000	0.000000000
8.606081499	121.727452000	0.000000000
8.702019670	121.644248000	0.000000000
8.782395528	121.598864000	0.000000000
8.878316658	121.561044000	0.000000000
8.974224098	121.508096000	0.000000000
9.070145507	121.719888000	0.000000000
9.166124186	121.901424000	0.000000000
9.262048948	121.856040000	0.000000000
9.342385974	121.508096000	0.000000000
9.438288945	121.455148000	0.000000000
9.534223484	121.704760000	0.000000000
9.630203839	121.114768000	0.000000000
9.726139775	121.545916000	0.000000000
9.822034085	121.145024000	0.000000000
9.902403518	120.955924000	0.000000000
9.998313752	121.644248000	0.000000000
10.094240469	121.553480000	0.000000000
10.190229484	121.583736000	0.000000000
10.286143351	121.666940000	0.000000000
10.382066436	121.712324000	0.000000000
10.478000696	121.742580000	0.000000000
10.558307830	121.485404000	0.000000000
10.654278966	121.538352000	0.000000000
10.750263791	121.772836000	0.000000000
10.846154190	121.651812000	0.000000000
10.942168348	121.485404000	0.000000000
11.038024106	121.636684000	0.000000000
11.118362809	121.666940000	0.000000000
11.214289246	121.765272000	0.000000000
11.310212331	121.197972000	0.000000000
11.406169499	121.644248000	0.000000000
11.502162984	121.500532000	0.000000000
11.598046120	121.326560000	0.000000000
11.678374486	121.243356000	0.000000000
11.774348136	121.735016000	0.000000000
11.870255298	121.689632000	0.000000000
11.966220567	121.197972000	0.000000000
12.062139182	121.001308000	0.000000000
12.158060591	121.084512000	0.000000000
12.238382252	120.683620000	0.000000000
12.334349477	120.910540000	0.000000000
12.430257477	120.653364000	0.000000000
12.525272625	121.016436000	0.000000000
12.621138161	120.819772000	0.000000000
12.717095609	120.555032000	0.000000000
12.813047468	121.016436000	0.000000000
12.893469980	120.834900000	0.000000000
12.989262881	120.887848000	0.000000000
13.085253852	120.963488000	0.000000000
13.181180010	120.993744000	0.000000000
13.277096670	120.887848000	0.000000000
13.373062219	121.137460000	0.000000000
13.453375219	120.131448000	0.000000000
13.549348590	120.101192000	0.000000000
13.645229212	120.191960000	0.000000000
13.741172132	120.381060000	0.000000000
13.836952741	119.662480000	0.000000000
13.932860741	119.949912000	0.000000000
14.013185754	120.055808000	0.000000000
14.109110236	120.244908000	0.000000000
14.205049245	120.063372000	0.000000000
14.300991048	120.139012000	0.000000000
14.396928660	120.070936000	0.000000000
14.492885269	120.282728000	0.000000000
14.588770360	120.282728000	0.000000000
14.669084199	120.358368000	0.000000000
14.765066789	120.320548000	0.000000000
14.861002446	120.365932000	0.000000000
14.956941455	120.396188000	0.000000000
15.052875156	120.358368000	0.000000000
15.148803270	120.358368000	0.000000000
15.229129959	120.471828000	0.000000000
15.325039914	120.486956000	0.000000000
15.421064968	120.592852000	0.000000000
15.517027723	120.562596000	0.000000000
15.612868954	120.252472000	0.000000000
15.708861601	120.449136000	0.000000000
15.789192761	120.509648000	0.000000000
15.885192671	120.441572000	0.000000000
15.981140340	120.320548000	0.000000000
16.077024315	120.350804000	0.000000000
16.172857165	120.335676000	0.000000000
16.268886967	120.396188000	0.000000000
16.364769545	120.464264000	0.000000000
16.445092323	120.358368000	0.000000000
16.541093351	120.418880000	0.000000000
16.636976208	120.373496000	0.000000000
16.732981985	120.237344000	0.000000000
16.828856461	120.267600000	0.000000000
16.924820333	120.600416000	0.000000000
17.005112661	120.494520000	0.000000000
17.101047479	120.607980000	0.000000000
17.197002412	120.305420000	0.000000000
17.292981929	120.721440000	0.000000000
17.388915351	120.547468000	0.000000000
17.484787033	120.895412000	0.000000000
17.580776607	120.456700000	0.000000000
17.661090725	120.645800000	0.000000000
17.757038953	120.426444000	0.000000000
17.852951423	120.759260000	0.000000000
17.948975638	120.471828000	0.000000000
18.044821060	120.441572000	0.000000000
18.139813300	120.676056000	0.000000000
18.220101158	120.502084000	0.000000000
18.316103304	120.744132000	0.000000000
18.412042313	120.781952000	0.000000000
18.507907849	120.570160000	0.000000000
18.603894908	120.827336000	0.000000000
18.699674959	167.867852000	5.000000000
18.779994385	191.172536000	5.000000000
18.875913559	188.691544000	5.000000000
18.971852009	186.800544000	5.000000000
19.067779005	183.427000000	5.000000000
19.163737570	182.436116000	5.000000000
19.259647246	180.136660000	5.000000000
19.340004107	177.617848000	5.000000000
19.435928309	175.197368000	5.000000000
19.531840499	172.202024000	5.000000000
19.627792359	170.424484000	5.000000000
19.723760422	167.731700000	5.000000000
19.819682949	167.504780000	5.000000000
19.915614415	165.190196000	5.000000000
19.995950603	163.427784000	5.000000000
20.091877320	161.203968000	5.000000000
20.187817446	161.045124000	5.000000000
20.283766792	158.813744000	5.000000000
20.379738766	156.862232000	5.000000000
20.475655425	156.120960000	5.000000000
20.555960604	152.974336000	5.000000000
20.651907156	152.989464000	5.000000000
20.747876057	113.051544000	0.000000000
20.843778190	106.796116000	0.000000000
20.939746253	108.717372000	0.000000000
21.035682468	108.702244000	0.000000000
21.116002732	110.018380000	0.000000000
21.211931963	110.684012000	0.000000000
21.307849182	110.555424000	0.000000000
21.403856077	109.004804000	0.000000000
21.499750946	111.137852000	0.000000000
21.595686044	111.992584000	0.000000000
21.676006867	110.389016000	0.000000000
21.772002308	108.951856000	0.000000000
21.867887678	110.555424000	0.000000000
21.963842891	112.280016000	0.000000000
22.059748376	112.801932000	0.000000000
22.155695486	112.567448000	0.000000000
22.251612426	109.972996000	0.000000000
22.331966493	110.979008000	0.000000000
22.427927851	112.438860000	0.000000000
22.523878873	113.376796000	0.000000000
22.619779609	113.974352000	0.000000000
22.715730072	113.906276000	0.000000000
22.811675506	113.876020000	0.000000000
22.891994932	113.437308000	0.000000000
22.987947351	112.287580000	0.000000000
23.083857585	112.491808000	0.000000000
23.179798829	113.127184000	0.000000000
23.275744264	113.656664000	0.000000000
23.371668187	115.177028000	0.000000000
23.467613063	115.434204000	0.000000000
23.548029708	115.661124000	0.000000000
23.643872056	115.804840000	0.000000000
23.739801288	115.630868000	0.000000000
23.834776208	113.815508000	0.000000000
23.930759915	114.163452000	0.000000000
24.026616232	114.239092000	0.000000000
24.106954375	114.730752000	0.000000000
24.202933054	117.461356000	0.000000000
24.298823454	118.142116000	0.000000000
24.394828672	118.399292000	0.000000000
24.490723262	118.111860000	0.000000000
24.586679313	118.036220000	0.000000000
24.666984212	118.815312000	0.000000000
24.762926573	119.042232000	0.000000000
24.858932350	119.148128000	0.000000000
24.954807105	119.390176000	0.000000000
25.050715943	119.518764000	0.000000000
25.146665568	119.745684000	0.000000000
25.242624412	118.936336000	0.000000000
25.322929311	118.883388000	0.000000000
25.418883406	119.594404000	0.000000000
25.514799227	118.240448000	0.000000000
25.610743544	118.391728000	0.000000000
25.706699595	118.747236000	0.000000000
25.802629105	119.579276000	0.000000000
25.883080112	120.660928000	0.000000000
25.978912683	120.781952000	0.000000000
26.074830740	120.600416000	0.000000000
26.170758574	120.925668000	0.000000000
26.266749824	120.781952000	0.000000000
26.362655868	121.500532000	0.000000000
26.442988704	121.750144000	0.000000000
26.538910951	121.916552000	0.000000000
26.634848563	121.583736000	0.000000000
26.730812994	121.099640000	0.000000000
26.826733565	121.553480000	0.000000000
26.922683749	121.213100000	0.000000000
27.018628904	121.197972000	0.000000000
27.099008952	121.001308000	0.000000000
27.194851580	120.812208000	0.000000000
27.290828024	120.426444000	0.000000000
27.386767033	120.691184000	0.000000000
27.482682017	120.320548000	0.000000000
27.578614600	120.638236000	0.000000000
27.658969227	118.943900000	0.000000000
27.754913543	118.353908000	0.000000000
27.850827410	119.344792000	0.000000000
27.946760831	120.963488000	0.000000000
28.042731129	121.621556000	0.000000000
28.138644995	121.977064000	0.000000000
28.218972523	122.196420000	0.000000000
28.314972154	122.597312000	0.000000000
28.410857246	122.862052000	0.000000000
28.506778375	123.346148000	0.000000000
28.602716826	123.278072000	0.000000000
28.698677066	123.194868000	0.000000000
28.779033927	123.020896000	0.000000000
28.874938575	123.134356000	0.000000000
28.970848250	123.111664000	0.000000000
29.066842853	123.240252000	0.000000000
29.162745824	123.520120000	0.000000000
29.258680084	122.930128000	0.000000000
29.354641721	122.597312000	0.000000000
29.434959471	123.580632000	0.000000000
29.529876283	123.966396000	0.000000000
29.625837641	123.610888000	0.000000000
29.721790619	122.468724000	0.000000000
29.817705044	121.318996000	0.000000000
29.913673665	121.387072000	0.000000000
29.993951187	121.417328000	0.000000000
30.089922881	121.810656000	0.000000000
30.185854068	121.992192000	0.000000000
30.281781902	122.166164000	0.000000000
30.377742702	122.030012000	0.000000000
30.473684784	122.014884000	0.000000000
30.553977950	121.765272000	0.000000000
30.649974229	122.272060000	0.000000000
30.745884463	121.462712000	0.000000000
30.841803637	121.803092000	0.000000000
30.937759967	121.704760000	0.000000000
31.033681655	122.052704000	0.000000000
31.129615915	122.415776000	0.000000000
31.209956573	122.536800000	0.000000000
31.305884407	122.400648000	0.000000000
31.401810007	122.438468000	0.000000000
31.497797625	122.597312000	0.000000000
31.593704787	122.884744000	0.000000000
31.689620049	122.884744000	0.000000000
31.769985291	122.945256000	0.000000000
31.865915361	122.635132000	0.000000000
31.961865824	122.256932000	0.000000000
32.057772706	122.234240000	0.000000000
32.153737696	121.424892000	0.000000000
32.249647092	121.243356000	0.000000000
32.330008143	121.054256000	0.000000000
32.425902454	120.706312000	0.000000000
32.521884485	121.061820000	0.000000000
32.617794440	120.532340000	0.000000000
32.713742389	120.827336000	0.000000000
32.809698998	120.834900000	0.000000000
32.905622642	121.084512000	0.000000000
32.985953243	121.334124000	0.000000000
33.081874372	121.160152000	0.000000000
33.177822042	121.250920000	0.000000000
33.273759095	121.069384000	0.000000000
33.369699501	120.971052000	0.000000000
33.465613646	120.933232000	0.000000000
33.546069403	120.910540000	0.000000000
33.641912589	120.721440000	0.000000000
33.737835116	120.751696000	0.000000000
33.833779153	120.993744000	0.000000000
33.929789680	121.084512000	0.000000000
34.025647673	120.940796000	0.000000000
34.105994198	120.812208000	0.000000000
34.201977067	120.887848000	0.000000000
34.297862158	121.001308000	0.000000000
34.393809269	120.986180000	0.000000000
34.489723415	120.986180000	0.000000000
34.585664658	120.918104000	0.000000000
34.681627134	121.008872000	0.000000000
34.761937062	121.152588000	0.000000000
34.857901772	121.061820000	0.000000000
34.953887435	121.190408000	0.000000000
35.049803816	121.318996000	0.000000000
35.144696323	123.671400000	0.000000000
35.240649859	123.799988000	0.000000000
35.320945819	124.284084000	0.000000000
35.416903545	124.412672000	0.000000000
35.512830541	124.125240000	0.000000000
35.608778490	124.094984000	0.000000000
35.704733423	123.784860000	0.000000000
35.800659302	123.663836000	0.000000000
35.881003871	123.565504000	0.000000000
35.976921927	123.202432000	0.000000000
36.072848365	122.990640000	0.000000000
36.168795196	123.308328000	0.000000000
36.264750129	123.315892000	0.000000000
36.360670141	122.801540000	0.000000000
36.441002139	122.778848000	0.000000000
36.536924386	122.567056000	0.000000000
36.632877642	122.748592000	0.000000000
36.728844308	122.506544000	0.000000000
36.824755660	122.688080000	0.000000000
36.920687965	122.060268000	0.000000000
37.016655189	121.893860000	0.000000000
37.096951428	121.893860000	0.000000000
37.192914183	121.561044000	0.000000000
37.288834475	121.674504000	0.000000000
37.384773484	121.447584000	0.000000000
37.480706626	121.772836000	0.000000000
37.576651502	121.598864000	0.000000000
37.657010318	121.440020000	0.000000000
37.752936477	121.530788000	0.000000000
37.848850901	121.704760000	0.000000000
37.944778736	121.931680000	0.000000000
38.040752665	121.810656000	0.000000000
38.136791128	122.241804000	0.000000000
38.217031774	121.984628000	0.000000000
38.313024141	122.453596000	0.000000000
38.408882134	122.824232000	0.000000000
38.504816115	122.567056000	0.000000000
38.600746464	122.597312000	0.000000000
38.696698323	122.559492000	0.000000000
38.792666107	167.103888000	5.000000000
38.872959831	193.812372000	5.000000000
38.968886828	191.959192000	5.000000000
39.064870815	188.540264000	5.000000000
39.160770992	187.496432000	5.000000000
39.256735423	185.060824000	5.000000000
39.352614927	182.247016000	5.000000000
39.432979611	181.694844000	5.000000000
39.528895712	178.782704000	5.000000000
39.624844778	178.578476000	5.000000000
39.720784345	175.227624000	5.000000000
39.816728942	174.675452000	5.000000000
39.912735837	171.581776000	5.000000000
39.992989053	170.439612000	5.000000000
40.088963821	168.117464000	5.000000000
40.184874335	166.657612000	5.000000000
40.280794067	165.401988000	5.000000000
40.376725254	162.989072000	5.000000000
40.472704212	162.981508000	5.000000000
40.568613050	160.447568000	5.000000000
40.648954825	157.618632000	5.000000000
40.744882939	157.936320000	5.000000000
40.839853948	119.896964000	0.000000000
40.935787090	112.234632000	0.000000000
41.031723306	113.702048000	0.000000000
41.127643597	113.762560000	0.000000000
41.207983138	114.004608000	0.000000000
41.303901474	115.131644000	0.000000000
41.399943010	114.844212000	0.000000000
41.495808266	114.813956000	0.000000000
41.591721853	114.125632000	0.000000000
41.687660303	115.222412000	0.000000000
41.767986713	114.889596000	0.000000000
41.863951424	114.609728000	0.000000000
41.959906916	113.096928000	0.000000000
42.055834191	113.838200000	0.000000000
42.151757556	115.154336000	0.000000000
42.247702711	115.131644000	0.000000000
42.343621606	114.715624000	0.000000000
42.423964219	114.632420000	0.000000000
42.519906301	113.876020000	0.000000000
42.615838605	114.685368000	0.000000000
42.711760294	115.351000000	0.000000000
42.807709080	115.328308000	0.000000000
42.903659823	115.547664000	0.000000000
42.983975617	115.343436000	0.000000000
43.079898423	115.177028000	0.000000000
43.175823743	115.222412000	0.000000000
43.271797673	114.806392000	0.000000000
43.367729977	114.987928000	0.000000000
43.463654738	116.122528000	0.000000000
43.544028082	116.576368000	0.000000000
43.639930773	116.674700000	0.000000000
43.735871179	117.264692000	0.000000000
43.831810468	117.317640000	0.000000000
43.927774899	117.181488000	0.000000000
44.023692397	117.151232000	0.000000000
44.119617437	115.956120000	0.000000000
44.199940216	115.351000000	0.000000000
44.295906603	115.706508000	0.000000000
44.391879974	116.591496000	0.000000000
44.487760037	117.748788000	0.000000000
44.583696531	117.249564000	0.000000000
44.679650905	117.249564000	0.000000000
44.759961392	117.204180000	0.000000000
44.855907106	117.620200000	0.000000000
44.951934394	118.021092000	0.000000000
45.047777860	118.512752000	0.000000000
45.143752069	118.679160000	0.000000000
45.239643586	119.087616000	0.000000000
45.320021120	118.459804000	0.000000000
45.415936662	117.763916000	0.000000000
45.511863100	117.650456000	0.000000000
45.607787861	117.151232000	0.000000000
45.703772127	117.204180000	0.000000000
45.799688508	117.559688000	0.000000000
45.880025813	118.656468000	0.000000000
45.975956162	117.877376000	0.000000000
46.071876174	117.680712000	0.000000000
46.167829990	118.739672000	0.000000000
46.263773189	119.291844000	0.000000000
46.359716947	120.320548000	0.000000000
46.454630407	120.033116000	0.000000000
46.534961287	121.500532000	0.000000000
46.630876271	121.515660000	0.000000000
46.726860257	121.092076000	0.000000000
46.822784739	121.061820000	0.000000000
46.918709501	121.046692000	0.000000000
47.014687062	121.742580000	0.000000000
47.094991682	121.961936000	0.000000000
47.190924266	121.636684000	0.000000000
47.286871655	121.228228000	0.000000000
47.382798372	120.902976000	0.000000000
47.478761966	120.555032000	0.000000000
47.574677787	120.207088000	0.000000000
47.655002521	119.783504000	0.000000000
47.750962483	119.647352000	0.000000000
47.846880260	120.464264000	0.000000000
47.942823180	120.434008000	0.000000000
48.038775040	120.123884000	0.000000000
48.134698125	120.774388000	0.000000000
48.230637413	120.683620000	0.000000000
48.310962986	120.426444000	0.000000000
48.406918198	120.244908000	0.000000000
48.502858604	120.207088000	0.000000000
48.598778336	120.713876000	0.000000000
48.694708685	120.630672000	0.000000000
48.790660545	121.152588000	0.000000000
48.870989190	119.783504000	0.000000000
48.966914789	120.396188000	0.000000000
49.062850446	121.689632000	0.000000000
49.158804541	122.052704000	0.000000000
49.254731258	122.521672000	0.000000000
49.350761340	121.197972000	0.000000000
49.446626596	119.995296000	0.000000000
49.526997426	120.244908000	0.000000000
49.622892016	119.844016000	0.000000000
49.718803088	120.297856000	0.000000000
49.814765005	120.638236000	0.000000000
49.910701500	121.008872000	0.000000000
50.006618998	122.476288000	0.000000000
50.086957141	122.453596000	0.000000000
50.182908442	120.486956000	0.000000000
50.278832086	121.205536000	0.000000000
50.374813000	121.561044000	0.000000000
50.470740276	123.157048000	0.000000000
50.566656377	123.383968000	0.000000000
50.646970495	123.262944000	0.000000000
50.742905872	123.293200000	0.000000000
50.838856614	121.492968000	0.000000000
50.934807916	119.896964000	0.000000000
51.030729325	119.072488000	0.000000000
51.126653527	118.868260000	0.000000000
51.222616841	119.322100000	0.000000000
51.302942134	118.921208000	0.000000000
51.398963276	119.238896000	0.000000000
51.494807860	120.025552000	0.000000000
51.590758043	120.343240000	0.000000000
51.686673586	120.789516000	0.000000000
51.782630753	121.424892000	0.000000000
51.862964986	121.606428000	0.000000000
51.958912376	121.901424000	0.000000000
52.054901950	121.863604000	0.000000000
52.149759257	121.969500000	0.000000000
52.245736539	121.924116000	0.000000000
52.341646215	121.901424000	0.000000000
52.422000562	122.022448000	0.000000000
52.517971139	122.294752000	0.000000000
52.613862656	121.606428000	0.000000000
52.709801106	121.364380000	0.000000000
52.805742629	122.052704000	0.000000000
52.901683594	122.725900000	0.000000000
52.982019782	123.096536000	0.000000000
53.077938956	123.262944000	0.000000000
53.173852543	123.043588000	0.000000000
53.269832060	123.066280000	0.000000000
53.365749278	123.088972000	0.000000000
53.461675995	123.202432000	0.000000000
53.542002126	123.187304000	0.000000000
53.637951192	123.391532000	0.000000000
53.733887128	123.429352000	0.000000000
53.829848766	123.678964000	0.000000000
53.925781908	123.663836000	0.000000000
54.021753044	122.710772000	0.000000000
54.117699875	122.733464000	0.000000000
54.197957841	122.892308000	0.000000000
54.293933447	123.051152000	0.000000000
54.389866869	123.036024000	0.000000000
54.485806995	122.408212000	0.000000000
54.581753268	122.514108000	0.000000000
54.677674956	122.181292000	0.000000000
54.757994382	120.025552000	0.000000000
54.853940375	119.791068000	0.000000000
54.949857035	119.496072000	0.000000000
55.045806660	119.276716000	0.000000000
55.141749021	119.427996000	0.000000000
55.237672665	119.261588000	0.000000000
55.333623407	119.397740000	0.000000000
55.413970491	119.677608000	0.000000000
55.509874579	120.191960000	0.000000000
55.605826998	120.002860000	0.000000000
55.701804838	119.420432000	0.000000000
55.797709765	119.556584000	0.000000000
55.893663860	119.685172000	0.000000000
55.973993901	120.252472000	0.000000000
56.069904415	120.078500000	0.000000000
56.165851246	119.276716000	0.000000000
56.261779360	119.148128000	0.000000000
56.357754407	118.331216000	0.000000000
56.453695651	118.195064000	0.000000000
56.533994404	118.467368000	0.000000000
56.629934810	119.647352000	0.000000000
56.725889184	120.282728000	0.000000000
56.821816460	118.543008000	0.000000000
56.917745971	117.287384000	0.000000000
57.013710681	117.415972000	0.000000000
57.109626503	117.620200000	0.000000000
57.190005713	117.484048000	0.000000000
57.285883541	117.658020000	0.000000000
57.381811096	117.741224000	0.000000000
57.477781115	117.945452000	0.000000000
57.573722917	118.429548000	0.000000000
57.669631755	118.490060000	0.000000000
57.749007206	118.633776000	0.000000000
57.844903752	118.747236000	0.000000000
57.940843040	118.754800000	0.000000000
58.036780652	119.110308000	0.000000000
58.132733909	119.359920000	0.000000000
58.228658670	119.601968000	0.000000000
58.308977538	119.836452000	0.000000000
58.404942807	119.601968000	0.000000000
58.500878464	118.989284000	0.000000000
58.596827250	119.201076000	0.000000000
58.692731618	119.367484000	0.000000000
58.788688227	119.019540000	0.000000000
58.884662157	168.783096000	5.000000000
58.964951970	191.656632000	5.000000000
59.060912490	189.568968000	5.000000000
59.156836134	189.841272000	5.000000000
59.252789670	185.688636000	5.000000000
59.348702698	185.408768000	5.000000000
59.444620476	184.213656000	5.000000000
59.525157806	182.663036000	5.000000000
59.620913272	181.278824000	5.000000000
59.716834682	178.124636000	5.000000000
59.812801906	177.527080000	5.000000000
59.908732255	173.699696000	5.000000000
60.004648077	173.798028000	5.000000000
60.084984265	172.512148000	5.000000000
60.180952607	171.120372000	5.000000000
60.276866753	169.199116000	5.000000000
60.372816657	168.147720000	5.000000000
60.468731640	165.598652000	5.000000000
60.564672326	163.586628000	5.000000000
60.645000133	163.079840000	5.000000000
60.740937745	160.447568000	5.000000000
60.836864182	160.069368000	5.000000000
60.932897896	122.211548000	0.000000000
61.028751978	112.302708000	0.000000000
61.124701324	112.877572000	0.000000000
61.220669107	114.269348000	0.000000000
61.300980432	113.467564000	0.000000000
61.396921117	113.754996000	0.000000000
61.492827999	115.335872000	0.000000000
61.588779859	113.217952000	0.000000000
61.684697357	113.149876000	0.000000000
61.780652290	113.407052000	0.000000000
61.860961379	113.671792000	0.000000000
61.957017163	114.549216000	0.000000000
62.052885213	113.399488000	0.000000000
62.148816120	112.718728000	0.000000000
62.244759599	113.074236000	0.000000000
62.340678215	113.739868000	0.000000000
62.421019990	114.239092000	0.000000000
62.516945589	114.223964000	0.000000000
62.612879291	112.590140000	0.000000000
62.708850985	111.674896000	0.000000000
62.804773512	111.402592000	0.000000000
62.900694641	112.083352000	0.000000000
62.996636723	113.558332000	0.000000000
63.076957267	113.618844000	0.000000000
63.172879514	113.316284000	0.000000000
63.268830536	112.015276000	0.000000000
63.364787983	111.856432000	0.000000000
63.459705633	111.500924000	0.000000000
63.555716439	112.862444000	0.000000000
63.635988373	113.308720000	0.000000000
63.731930455	113.059108000	0.000000000
63.827863318	113.588588000	0.000000000
63.923773832	114.171016000	0.000000000
64.019805031	116.326756000	0.000000000
64.115680345	116.220860000	0.000000000
64.195980215	114.034864000	0.000000000
64.291955821	113.944096000	0.000000000
64.387894830	111.932072000	0.000000000
64.483807579	113.021288000	0.000000000
64.579758321	113.838200000	0.000000000
64.675707108	113.891148000	0.000000000
64.771630193	113.785252000	0.000000000
64.851962191	114.503832000	0.000000000
64.947885555	115.010620000	0.000000000
65.043836298	116.704956000	0.000000000
65.139773351	116.894056000	0.000000000
65.235700347	116.818416000	0.000000000
65.331640753	116.954568000	0.000000000
65.412004040	115.857788000	0.000000000
65.507945284	114.912288000	0.000000000
65.603854121	114.587036000	0.000000000
65.699822743	114.798828000	0.000000000
65.795728507	115.207284000	0.000000000
65.891671428	115.653560000	0.000000000
65.971987501	116.629316000	0.000000000
66.067937685	116.969696000	0.000000000
66.163883957	116.947004000	0.000000000
66.259891690	116.606624000	0.000000000
66.355744655	116.742776000	0.000000000
66.451702381	116.394832000	0.000000000
66.547645022	116.583932000	0.000000000
66.627959699	116.750340000	0.000000000
66.723900105	116.848672000	0.000000000
66.819839114	116.818416000	0.000000000
66.915808573	117.151232000	0.000000000
67.011744789	119.238896000	0.000000000
67.107650833	119.140564000	0.000000000
67.188006576	119.072488000	0.000000000
67.283906195	119.095180000	0.000000000
67.379835985	119.617096000	0.000000000
67.475802372	119.647352000	0.000000000
67.571729927	120.570160000	0.000000000
67.667648542	118.467368000	0.000000000
67.747981098	116.591496000	0.000000000
67.843940501	116.478036000	0.000000000
67.939861910	116.712520000	0.000000000
68.035802595	117.113412000	0.000000000
68.131767026	117.378152000	0.000000000
68.227680613	117.877376000	0.000000000
68.323665159	118.195064000	0.000000000
68.403938769	118.474932000	0.000000000
68.499928063	117.892504000	0.000000000
68.595832152	117.794172000	0.000000000
68.691756355	117.635328000	0.000000000
68.787685865	117.310076000	0.000000000
68.883794728	117.574816000	0.000000000
68.963964414	117.544560000	0.000000000
69.058907207	117.869812000	0.000000000
69.154842585	118.399292000	0.000000000
69.250780476	118.512752000	0.000000000
69.346735409	118.527880000	0.000000000
69.442657656	118.641340000	0.000000000
69.523042454	119.004412000	0.000000000
69.618925590	119.155692000	0.000000000
69.714878008	119.458252000	0.000000000
69.810817017	119.533892000	0.000000000
69.906770553	119.707864000	0.000000000
70.002693080	120.411316000	0.000000000
70.083005522	120.244908000	0.000000000
70.178933635	120.267600000	0.000000000
70.274880746	120.025552000	0.000000000
70.370865850	120.275164000	0.000000000
70.466747869	120.350804000	0.000000000
70.562718725	120.486956000	0.000000000
70.658663601	120.486956000	0.000000000
70.738967662	120.252472000	0.000000000
70.834911700	118.769928000	0.000000000
70.930860207	118.633776000	0.000000000
71.026783851	118.346344000	0.000000000
71.122697438	117.204180000	0.000000000
71.218647621	116.621752000	0.000000000
71.298988838	116.561240000	0.000000000
71.394930920	116.969696000	0.000000000
71.490849535	116.977260000	0.000000000
71.586797484	117.090720000	0.000000000
71.682746830	117.189052000	0.000000000
71.778681369	117.400844000	0.000000000
71.859011131	117.446228000	0.000000000
71.954971651	117.733660000	0.000000000
72.050885238	117.582380000	0.000000000
72.146813352	117.642892000	0.000000000
72.242771078	117.294948000	0.000000000
72.338715954	117.075592000	0.000000000
72.434621160	117.189052000	0.000000000
72.514991151	117.332768000	0.000000000
72.610891049	117.499176000	0.000000000
72.706865537	117.620200000	0.000000000
72.802790019	117.831992000	0.000000000
72.898785740	117.968144000	0.000000000
72.994665244	118.081604000	0.000000000
73.074984949	118.278268000	0.000000000
73.170906079	118.278268000	0.000000000
73.266850675	118.255576000	0.000000000
73.362809519	118.467368000	0.000000000
73.458724223	118.565700000	0.000000000
73.554684464	118.512752000	0.000000000
73.634975954	118.618648000	0.000000000
73.730964410	119.064924000	0.000000000
73.826885819	119.019540000	0.000000000
73.922896066	119.201076000	0.000000000
74.018768028	119.057360000	0.000000000
74.114702567	120.033116000	0.000000000
74.210630122	119.647352000	0.000000000
74.290957370	119.609532000	0.000000000
74.386915935	120.010424000	0.000000000
74.482843211	119.806196000	0.000000000
74.578778588	119.957476000	0.000000000
74.674704187	120.146576000	0.000000000
74.769660390	120.471828000	0.000000000
74.849985124	120.093628000	0.000000000
74.945918825	120.161704000	0.000000000
75.041841631	119.919656000	0.000000000
75.137816678	119.889400000	0.000000000
75.233731382	119.760812000	0.000000000
75.329690505	120.139012000	0.000000000
75.425631470	120.207088000	0.000000000
75.505963467	120.396188000	0.000000000
75.601875099	120.502084000	0.000000000
75.697797904	120.471828000	0.000000000
75.793762336	120.562596000	0.000000000
75.889804989	119.987732000	0.000000000
75.985638957	120.350804000	0.000000000
76.065929888	120.055808000	0.000000000
76.161908287	119.889400000	0.000000000
76.257828579	119.995296000	0.000000000
76.353758369	119.806196000	0.000000000
76.449741238	119.972604000	0.000000000
76.545656780	119.980168000	0.000000000
76.625985426	119.980168000	0.000000000
76.721914377	120.048244000	0.000000000
76.817872663	120.055808000	0.000000000
76.913881513	120.887848000	0.000000000
77.009736992	121.273612000	0.000000000
77.105656445	121.719888000	0.000000000
77.186023363	121.598864000	0.000000000
77.281932201	121.576172000	0.000000000
77.377868137	122.415776000	0.000000000
77.473832009	122.219112000	0.000000000
77.569757329	121.939244000	0.000000000
77.665677900	122.604876000	0.000000000
77.761632554	122.430904000	0.000000000
77.841960640	122.188856000	0.000000000
77.937919484	122.340136000	0.000000000
78.033865757	122.544364000	0.000000000
78.129766493	122.317444000	0.000000000
78.225716956	122.030012000	0.000000000
78.321684739	121.999756000	0.000000000
78.401965334	121.417328000	0.000000000
78.497906857	121.666940000	0.000000000
78.593857599	121.440020000	0.000000000
78.689779288	121.508096000	0.000000000
78.785731427	121.455148000	0.000000000
78.881694741	121.288740000	0.000000000
78.962139881	166.143260000	5.000000000
79.057958484	191.815476000	5.000000000
79.154036896	190.665748000	5.000000000
79.249803257	187.821684000	5.000000000
79.345762101	185.401204000	5.000000000
79.441687421	185.348256000	5.000000000
79.522012155	182.118428000	5.000000000
79.617955634	182.640344000	5.000000000
79.713908053	179.259236000	5.000000000
79.809835049	178.366684000	5.000000000
79.905800877	175.628516000	5.000000000
80.001727315	174.970448000	5.000000000
80.097620787	172.239844000	5.000000000
80.177955858	172.799580000	5.000000000
80.273911628	168.919248000	5.000000000
80.368854701	168.896556000	5.000000000
80.464783373	165.954160000	5.000000000
80.560705900	164.615332000	5.000000000
80.656671169	163.541244000	5.000000000
80.736990036	161.476272000	5.000000000
80.832943293	161.105636000	5.000000000
80.928855762	158.859128000	5.000000000
81.024848130	119.526328000	0.000000000
81.120733222	112.438860000	0.000000000
81.216675862	113.376796000	0.000000000
81.312642529	114.466012000	0.000000000
81.392959720	113.437308000	0.000000000
81.488971084	113.482692000	0.000000000
81.584805890	114.390372000	0.000000000
81.680798537	114.526524000	0.000000000
81.776711565	112.771676000	0.000000000
81.872627946	111.100032000	0.000000000
81.952977543	113.717176000	0.000000000
82.048927447	114.004608000	0.000000000
82.144834050	112.673344000	0.000000000
82.240797643	112.295144000	0.000000000
82.336734976	111.871560000	0.000000000
82.432675941	112.809496000	0.000000000
82.512983913	114.049992000	0.000000000
82.608915379	113.429744000	0.000000000
82.704898248	112.612832000	0.000000000
82.800813791	111.977456000	0.000000000
82.896815098	110.926060000	0.000000000
82.992693485	112.431296000	0.000000000
83.088626627	113.081800000	0.000000000
83.168929850	113.596152000	0.000000000
83.264887018	114.223964000	0.000000000
83.360829379	114.276912000	0.000000000
83.456770623	112.703600000	0.000000000
83.552705721	112.597704000	0.000000000
83.648621822	112.711164000	0.000000000
83.728985667	112.832188000	0.000000000
83.824927470	113.414616000	0.000000000
83.920903355	113.694484000	0.000000000
84.016839570	113.974352000	0.000000000
84.112734440	114.609728000	0.000000000
84.208655011	116.167912000	0.000000000
84.288997345	116.077144000	0.000000000
84.384913446	114.307168000	0.000000000
84.480861953	113.603716000	0.000000000
84.576799845	113.074236000	0.000000000
84.672737177	111.977456000	0.000000000
84.768687920	112.317836000	0.000000000
84.864627767	113.898712000	0.000000000
84.945023739	114.496268000	0.000000000
85.040893186	114.761008000	0.000000000
85.136846443	115.358564000	0.000000000
85.232750811	116.145220000	0.000000000
85.328678924	116.750340000	0.000000000
85.424628270	116.576368000	0.000000000
85.504964178	117.166360000	0.000000000
85.600912127	117.438664000	0.000000000
85.696829904	118.036220000	0.000000000
85.792789586	116.682264000	0.000000000
85.888819668	115.903172000	0.000000000
85.984663135	115.472024000	0.000000000
86.063964275	116.341884000	0.000000000
86.159988211	116.130092000	0.000000000
86.255850394	116.175476000	0.000000000
86.351788007	115.177028000	0.000000000
86.447737631	114.587036000	0.000000000
86.543695917	114.700496000	0.000000000
86.624061997	115.260232000	0.000000000
86.719944853	115.857788000	0.000000000
86.815860116	116.281372000	0.000000000
86.911865614	116.258680000	0.000000000
87.007763836	116.720084000	0.000000000
87.103677423	117.544560000	0.000000000
87.199627327	117.310076000	0.000000000
87.279985026	117.884940000	0.000000000
87.375884924	117.786608000	0.000000000
87.471889025	117.726096000	0.000000000
87.567780542	119.049796000	0.000000000
87.663727932	119.382612000	0.000000000
87.759667220	119.412868000	0.000000000
87.839964856	119.405304000	0.000000000
87.935941300	119.526328000	0.000000000
88.031861591	119.715428000	0.000000000
88.127777692	119.927220000	0.000000000
88.223816155	120.191960000	0.000000000
88.319702364	120.063372000	0.000000000
88.399993575	118.890952000	0.000000000
88.495956330	118.512752000	0.000000000
88.591888355	117.892504000	0.000000000
88.687805014	117.824428000	0.000000000
88.783763858	118.043784000	0.000000000
88.879709293	118.739672000	0.000000000
88.975649140	118.671596000	0.000000000
89.055966890	118.202628000	0.000000000
89.151894724	118.149680000	0.000000000
89.247841555	117.120976000	0.000000000
89.343784755	117.007516000	0.000000000
89.439708399	117.332768000	0.000000000
89.535633160	117.597508000	0.000000000
89.615993094	117.854684000	0.000000000
89.711932662	118.255576000	0.000000000
89.807865525	118.512752000	0.000000000
89.903824927	118.747236000	0.000000000
89.999766730	119.011976000	0.000000000
90.095700711	117.635328000	0.000000000
90.175992759	117.423536000	0.000000000
90.271918917	117.544560000	0.000000000
90.367901228	117.779044000	0.000000000
90.463811741	118.467368000	0.000000000
90.559728960	119.632224000	0.000000000
90.655716858	119.859144000	0.000000000
90.751635194	119.465816000	0.000000000
90.831975572	120.169268000	0.000000000
90.927900054	119.707864000	0.000000000
91.023848282	120.146576000	0.000000000
91.119785615	120.713876000	0.000000000
91.215709818	120.630672000	0.000000000
91.311634300	120.479392000	0.000000000
91.392000380	120.358368000	0.000000000
91.487909497	120.176832000	0.000000000
91.583832861	120.131448000	0.000000000
91.679812099	119.912092000	0.000000000
91.774739527	119.624660000	0.000000000
91.870658142	119.526328000	0.000000000
91.951001035	119.715428000	0.000000000
92.046952336	119.465816000	0.000000000
92.142900005	119.685172000	0.000000000
92.238859129	120.343240000	0.000000000
92.334743382	119.420432000	0.000000000
92.430686582	119.473380000	0.000000000
92.526622518	119.027104000	0.000000000
92.606937753	119.291844000	0.000000000
92.702894362	118.754800000	0.000000000
92.798839238	116.644444000	0.000000000
92.894809815	116.599060000	0.000000000
92.990706081	116.621752000	0.000000000
93.086666601	116.546112000	0.000000000
93.166990218	116.697392000	0.000000000
93.262911348	116.901620000	0.000000000
93.358839182	116.962132000	0.000000000
93.454787410	117.196616000	0.000000000
93.550729772	117.506740000	0.000000000
93.646719625	117.748788000	0.000000000
93.726992397	117.801736000	0.000000000
93.822939508	117.998400000	0.000000000
93.918874606	118.066476000	0.000000000
94.014838757	118.391728000	0.000000000
94.110764916	118.520316000	0.000000000
94.206695544	118.497624000	0.000000000
94.287016087	118.732108000	0.000000000
94.382932468	119.011976000	0.000000000
94.478909750	119.344792000	0.000000000
94.574843451	118.981720000	0.000000000
94.670778269	119.806196000	0.000000000
94.766682358	119.639788000	0.000000000
94.862659640	119.609532000	0.000000000
94.942977390	119.677608000	0.000000000
95.038909973	119.617096000	0.000000000
95.134946481	118.966592000	0.000000000
95.230783242	118.974156000	0.000000000
95.326714988	119.072488000	0.000000000
95.422684168	119.276716000	0.000000000
95.502984318	119.435560000	0.000000000
95.598934222	119.511200000	0.000000000
95.694883568	119.632224000	0.000000000
95.790793523	119.881836000	0.000000000
95.886874449	119.798632000	0.000000000
95.982695845	120.388624000	0.000000000
96.063052986	120.577724000	0.000000000
96.158936122	120.630672000	0.000000000
96.254889658	120.925668000	0.000000000
96.350809670	120.865156000	0.000000000
96.446764044	121.220664000	0.000000000
96.542727358	121.008872000	0.000000000
96.638658545	121.288740000	0.000000000
96.718973501	121.039128000	0.000000000
96.814883176	121.235792000	0.000000000
96.910926109	121.129896000	0.000000000
97.006791925	121.288740000	0.000000000
97.102712496	121.084512000	0.000000000
97.198631670	121.099640000	0.000000000
97.279048315	121.099640000	0.000000000
97.374914410	121.039128000	0.000000000
97.469867260	120.781952000	0.000000000
97.565804872	120.691184000	0.000000000
97.661730471	120.940796000	0.000000000
97.757687639	120.865156000	0.000000000
97.838000919	120.434008000	0.000000000
97.933972893	120.252472000	0.000000000
98.029916931	120.396188000	0.000000000
98.125835267	120.267600000	0.000000000
98.221763660	119.965040000	0.000000000
98.317720548	120.237344000	0.000000000
98.413638605	120.343240000	0.000000000
98.493960266	120.441572000	0.000000000
98.589876926	120.078500000	0.000000000
98.685827389	119.844016000	0.000000000
98.781802436	119.397740000	0.000000000
98.877723286	119.896964000	0.000000000
98.973660898	119.601968000	0.000000000
99.054070839	164.229568000	5.000000000
99.149907600	190.416136000	5.000000000
99.245856666	187.609892000	5.000000000
99.341827802	185.068388000	5.000000000
99.437735802	185.401204000	5.000000000
99.533653579	183.744688000	5.000000000
99.613989767	181.967148000	5.000000000
99.709944700	181.301516000	5.000000000
99.805883988	179.750896000	5.000000000
99.901891162	178.623860000	5.000000000
99.997786031	176.483248000	5.000000000
100.093714425	175.378904000	5.000000000
100.189620748	173.503032000	5.000000000
100.269961964	172.111256000	5.000000000
100.365918015	170.560636000	5.000000000
100.461852554	168.972196000	5.000000000
100.557756084	167.746828000	5.000000000
100.653700680	166.150824000	5.000000000
100.749659803	164.214440000	5.000000000
100.829985375	162.913432000	5.000000000
100.925911254	160.787948000	5.000000000
101.021855850	160.651796000	5.000000000
101.117852409	121.568608000	0.000000000
101.213742529	113.618844000	0.000000000
101.309661423	113.233080000	0.000000000
101.390016608	113.928968000	0.000000000
101.485931312	114.662676000	0.000000000
101.581950779	114.390372000	0.000000000
101.677827769	113.944096000	0.000000000
101.773760352	113.558332000	0.000000000
101.869693215	113.702048000	0.000000000
101.965639488	113.308720000	0.000000000
102.045930419	112.287580000	0.000000000
102.141989555	112.022840000	0.000000000
102.237845313	111.962328000	0.000000000
102.333758900	113.823072000	0.000000000
102.429713832	113.838200000	0.000000000
102.525659825	112.839752000	0.000000000
102.605965842	111.569000000	0.000000000
102.701910718	111.137852000	0.000000000
102.797856152	111.084904000	0.000000000
102.893865002	111.985020000	0.000000000
102.989750373	112.491808000	0.000000000
103.085662005	112.295144000	0.000000000
103.165011475	112.280016000	0.000000000
103.260932884	112.053096000	0.000000000
103.356879995	113.059108000	0.000000000
103.452800565	112.423732000	0.000000000
103.548758292	112.242196000	0.000000000
103.644684450	112.121172000	0.000000000
103.725014492	112.408604000	0.000000000
103.820983673	112.673344000	0.000000000
103.916892789	112.877572000	0.000000000
104.012834592	113.195260000	0.000000000
104.108755163	113.641536000	0.000000000
104.204712889	114.171016000	0.000000000
104.300623683	114.322296000	0.000000000
104.380966855	114.382808000	0.000000000
104.476881000	114.473576000	0.000000000
104.572880352	114.859340000	0.000000000
104.668807907	115.381256000	0.000000000
104.764711716	113.240644000	0.000000000
104.860691233	113.739868000	0.000000000
104.941008424	114.556780000	0.000000000
105.036972576	114.163452000	0.000000000
105.132860461	114.397936000	0.000000000
105.228808969	114.776136000	0.000000000
105.324780663	115.003056000	0.000000000
105.420678326	116.402396000	0.000000000
105.500990210	117.665584000	0.000000000
105.596965815	117.060464000	0.000000000
105.692881078	116.485600000	0.000000000
105.788817573	116.773032000	0.000000000
105.884896265	116.947004000	0.000000000
105.980716823	116.137656000	0.000000000
106.076629292	116.470472000	0.000000000
106.156967995	116.258680000	0.000000000
106.252911473	116.500728000	0.000000000
106.348937644	116.462908000	0.000000000
106.444787256	116.455344000	0.000000000
106.540708945	116.659572000	0.000000000
106.636705782	117.257128000	0.000000000
106.717003697	117.536996000	0.000000000
106.812935722	116.848672000	0.000000000
106.908893728	117.219308000	0.000000000
107.004815416	117.438664000	0.000000000
107.100729841	117.620200000	0.000000000
107.196689244	117.922760000	0.000000000
107.292625739	118.164808000	0.000000000
107.372958295	117.083156000	0.000000000
107.468890040	116.031760000	0.000000000
107.564903081	116.145220000	0.000000000
107.660756884	116.258680000	0.000000000
107.756717404	116.999952000	0.000000000
107.852632946	118.187500000	0.000000000
107.932963268	118.716980000	0.000000000
108.028918200	118.664032000	0.000000000
108.124839610	118.641340000	0.000000000
108.220777780	119.102744000	0.000000000
108.316746123	118.974156000	0.000000000
108.412653843	119.133000000	0.000000000
108.492992825	119.042232000	0.000000000
108.588931275	118.293396000	0.000000000
108.684863579	116.122528000	0.000000000
108.780817674	118.558136000	0.000000000
108.875753762	116.349448000	0.000000000
108.971660644	117.060464000	0.000000000
109.067630383	116.803288000	0.000000000
109.147935562	116.478036000	0.000000000
109.243906977	116.614188000	0.000000000
109.339844589	116.447780000	0.000000000
109.435794773	116.689828000	0.000000000
109.531719814	116.689828000	0.000000000
109.627628930	117.847120000	0.000000000
109.707967912	117.650456000	0.000000000
109.803916699	118.066476000	0.000000000
109.899871632	117.960580000	0.000000000
109.995843606	118.263140000	0.000000000
110.091739593	118.353908000	0.000000000
110.187661560	118.316088000	0.000000000
110.268042726	118.157244000	0.000000000
110.363914687	118.149680000	0.000000000
110.459877443	118.021092000	0.000000000
110.555800807	118.074040000	0.000000000
110.651757137	118.429548000	0.000000000
110.747683016	118.769928000	0.000000000
110.828042391	118.913644000	0.000000000
110.924010454	119.155692000	0.000000000
111.019860904	116.334320000	0.000000000
111.115843494	116.720084000	0.000000000
111.211768814	117.143668000	0.000000000
111.307691341	117.325204000	0.000000000
111.403634261	117.574816000	0.000000000
111.483971566	118.096732000	0.000000000
111.579881521	118.459804000	0.000000000
111.675845114	119.072488000	0.000000000
111.771787196	119.828888000	0.000000000
111.867716148	120.123884000	0.000000000
111.963716338	120.509648000	0.000000000
112.043983802	120.729004000	0.000000000
112.139940691	120.381060000	0.000000000
112.235860144	119.314536000	0.000000000
112.331827090	118.490060000	0.000000000
112.427751851	117.521868000	0.000000000
112.523694492	116.765468000	0.000000000
112.603992966	116.803288000	0.000000000
112.699948737	116.568804000	0.000000000
112.795931885	116.425088000	0.000000000
112.891822285	116.364576000	0.000000000
112.987780291	116.167912000	0.000000000
113.083696392	116.251116000	0.000000000
113.179635121	116.228424000	0.000000000
113.259969633	116.470472000	0.000000000
113.355883499	116.402396000	0.000000000
113.451839270	116.387268000	0.000000000
113.547792806	116.341884000	0.000000000
113.643711142	116.515856000	0.000000000
113.739637580	116.682264000	0.000000000
113.819979914	116.848672000	0.000000000
113.915997145	117.120976000	0.000000000
114.011868548	117.136104000	0.000000000
114.107781576	117.204180000	0.000000000
114.203733994	117.317640000	0.000000000
114.299684736	117.431100000	0.000000000
114.380027629	117.370588000	0.000000000
114.475918308	117.665584000	0.000000000
114.570885126	117.824428000	0.000000000
114.666842294	117.809300000	0.000000000
114.762738560	118.028656000	0.000000000
114.858691817	118.142116000	0.000000000
114.954632223	118.308524000	0.000000000
115.034990201	118.179936000	0.000000000
115.130895128	118.505188000	0.000000000
115.226834137	118.406856000	0.000000000
115.322834606	118.316088000	0.000000000
115.418717742	118.807748000	0.000000000
115.514649208	119.102744000	0.000000000
115.594993218	119.034668000	0.000000000
115.690914069	119.382612000	0.000000000
115.786840506	119.382612000	0.000000000
115.882828684	119.170820000	0.000000000
115.978761547	119.261588000	0.000000000
116.074674854	119.276716000	0.000000000
116.154981150	119.647352000	0.000000000
116.250907867	119.670044000	0.000000000
116.346888781	119.881836000	0.000000000
116.442885059	120.040680000	0.000000000
116.538743891	120.055808000	0.000000000
116.634706366	120.207088000	0.000000000
116.730633921	120.381060000	0.000000000
116.810958935	120.048244000	0.000000000
116.906923645	119.859144000	0.000000000
117.002847289	119.912092000	0.000000000
117.098763390	119.889400000	0.000000000
117.194703517	119.896964000	0.000000000
117.290642526	120.101192000	0.000000000
117.370989888	120.184396000	0.000000000
117.466917164	120.086064000	0.000000000
117.562864554	120.139012000	0.000000000
117.658789315	120.002860000	0.000000000
117.754743131	119.881836000	0.000000000
117.850667892	119.927220000	0.000000000
117.931055483	119.949912000	0.000000000
118.026958454	119.972604000	0.000000000
118.122889082	119.912092000	0.000000000
118.218813564	119.836452000	0.000000000
118.314756484	119.821324000	0.000000000
118.410681525	119.730556000	0.000000000
118.491020786	119.571712000	0.000000000
118.586934932	119.685172000	0.000000000
118.682893776	119.624660000	0.000000000
118.778835299	119.533892000	0.000000000
118.874769838	119.420432000	0.000000000
118.970697952	119.503636000	0.000000000
119.066663780	119.412868000	0.000000000
119.146992425	161.680500000	5.000000000
119.242910202	187.700660000	5.000000000
119.338833287	187.178744000	5.000000000
119.434816157	187.330024000	5.000000000
119.530731699	182.791624000	5.000000000
119.626663724	183.616100000	5.000000000
119.706974769	181.619204000	5.000000000
119.802942832	179.773588000	5.000000000
119.898952800	177.822076000	5.000000000
119.994790120	177.042984000	5.000000000
120.090775783	175.946204000	5.000000000
120.186683782	173.979564000	5.000000000
120.266064542	171.680108000	5.000000000
120.361944605	171.498572000	5.000000000
120.457907360	167.640932000	5.000000000
120.553835194	167.633368000	5.000000000
120.649765822	165.507884000	5.000000000
120.745691422	164.441360000	5.000000000
120.841632107	163.079840000	5.000000000
120.921979749	161.529220000	5.000000000
121.017888307	159.524760000	5.000000000
121.113860560	158.269136000	5.000000000
121.209822477	121.712324000	0.000000000
121.305705613	113.898712000	0.000000000
121.401653841	113.913840000	0.000000000
121.481990868	114.806392000	0.000000000
121.577962562	114.534088000	0.000000000
121.673862181	114.254220000	0.000000000
121.769793926	114.874468000	0.000000000
121.865736846	114.352552000	0.000000000
121.961692897	114.065120000	0.000000000
122.042013440	113.966788000	0.000000000
122.137951611	114.178580000	0.000000000
122.233944258	114.450884000	0.000000000
122.329854213	113.361668000	0.000000000
122.425765845	113.437308000	0.000000000
122.521744523	113.270900000	0.000000000
122.617630453	113.225516000	0.000000000
122.697975860	113.717176000	0.000000000
122.793890006	112.703600000	0.000000000
122.889929865	112.597704000	0.000000000
122.985795681	112.847316000	0.000000000
123.081719045	113.059108000	0.000000000
123.177629280	113.278464000	0.000000000
123.258009607	113.603716000	0.000000000
123.353918166	112.862444000	0.000000000
123.449868629	112.522064000	0.000000000
123.545829149	113.172568000	0.000000000
123.641743015	113.550768000	0.000000000
123.737664424	114.155888000	0.000000000
123.817996701	114.208836000	0.000000000
123.913951913	114.261784000	0.000000000
124.009910477	114.004608000	0.000000000
124.105831607	112.975904000	0.000000000
124.201740724	112.461552000	0.000000000
124.297707111	112.559884000	0.000000000
124.393637180	112.975904000	0.000000000
124.473963032	113.611280000	0.000000000
124.569917685	114.208836000	0.000000000
124.665867031	114.806392000	0.000000000
124.761762459	115.093824000	0.000000000
124.857718509	115.040876000	0.000000000
124.953687131	115.078696000	0.000000000
125.033996779	115.192156000	0.000000000
125.129926569	115.229976000	0.000000000
125.225840994	115.517408000	0.000000000
125.321810733	115.562792000	0.000000000
125.417775444	115.237540000	0.000000000
125.513680929	114.677804000	0.000000000
125.594015720	114.761008000	0.000000000
125.689962551	115.267796000	0.000000000
125.785864125	115.381256000	0.000000000
125.881828556	115.850224000	0.000000000
125.976846778	116.319192000	0.000000000
126.072708962	116.636880000	0.000000000
126.168640148	116.319192000	0.000000000
126.248950635	116.137656000	0.000000000
126.344950266	116.039324000	0.000000000
126.440852119	116.304064000	0.000000000
126.536758163	116.054452000	0.000000000
126.632710303	116.160348000	0.000000000
126.728670543	116.220860000	0.000000000
126.808963988	116.659572000	0.000000000
126.904923112	115.872916000	0.000000000
127.000944813	116.901620000	0.000000000
127.096792749	115.759456000	0.000000000
127.192788190	115.540100000	0.000000000
127.288666018	115.267796000	0.000000000
127.369014777	115.691380000	0.000000000
127.464940935	116.062016000	0.000000000
127.560862065	116.379704000	0.000000000
127.656811969	116.765468000	0.000000000
127.752761315	117.105848000	0.000000000
127.848685517	117.627764000	0.000000000
127.929016677	118.308524000	0.000000000
128.025045083	118.248012000	0.000000000
128.120889946	117.907632000	0.000000000
128.216836218	118.111860000	0.000000000
128.312753995	118.664032000	0.000000000
128.408718985	119.412868000	0.000000000
128.504662743	119.178384000	0.000000000
128.584967922	118.664032000	0.000000000
128.680915591	118.709416000	0.000000000
128.776881978	118.769928000	0.000000000
128.872788581	118.959028000	0.000000000
128.968734574	119.148128000	0.000000000
129.064664364	119.632224000	0.000000000
129.144986863	119.730556000	0.000000000
129.240944869	119.185948000	0.000000000
129.336863763	119.427996000	0.000000000
129.432818696	119.700300000	0.000000000
129.528845705	119.775940000	0.000000000
129.624694479	118.936336000	0.000000000
129.705037651	118.709416000	0.000000000
129.800969956	118.217756000	0.000000000
129.896910082	118.732108000	0.000000000
129.992836799	118.875824000	0.000000000
130.088765472	118.959028000	0.000000000
130.184709509	118.679160000	0.000000000
130.280652150	119.284280000	0.000000000
130.360971017	119.314536000	0.000000000
130.456977353	119.133000000	0.000000000
130.552890102	118.853132000	0.000000000
130.648779943	119.140564000	0.000000000
130.744715320	119.254024000	0.000000000
130.840666900	119.367484000	0.000000000
130.920994707	119.473380000	0.000000000
131.016938186	119.314536000	0.000000000
131.112873284	119.337228000	0.000000000
131.208817601	119.231332000	0.000000000
131.304731188	119.329664000	0.000000000
131.400689473	119.647352000	0.000000000
131.480998563	119.465816000	0.000000000
131.575971806	119.511200000	0.000000000
131.671885673	119.458252000	0.000000000
131.767818815	119.632224000	0.000000000
131.863777938	119.337228000	0.000000000
131.959720579	119.775940000	0.000000000
132.055629975	120.729004000	0.000000000
132.135975103	121.024000000	0.000000000
132.231926125	121.243356000	0.000000000
132.327850607	121.387072000	0.000000000
132.423789616	121.492968000	0.000000000
132.519709628	119.155692000	0.000000000
132.615662326	119.624660000	0.000000000
132.695987339	119.639788000	0.000000000
132.791916012	119.783504000	0.000000000
132.887958386	120.638236000	0.000000000
132.983836773	120.683620000	0.000000000
133.079764328	120.804644000	0.000000000
133.175663667	120.683620000	0.000000000
133.271634523	120.350804000	0.000000000
133.351948921	120.373496000	0.000000000
133.447900222	119.881836000	0.000000000
133.543824983	119.420432000	0.000000000
133.639773491	119.480944000	0.000000000
133.735718366	118.906080000	0.000000000
133.831642569	119.844016000	0.000000000
133.911993005	119.692736000	0.000000000
134.007917487	119.427996000	0.000000000
134.103833867	119.549020000	0.000000000
134.199779860	119.526328000	0.000000000
134.295733396	119.518764000	0.000000000
134.391670729	119.057360000	0.000000000
134.472005800	119.140564000	0.000000000
134.567938104	118.248012000	0.000000000
134.663901976	118.573264000	0.000000000
134.759820312	118.331216000	0.000000000
134.855746191	118.081604000	0.000000000
134.951659219	117.559688000	0.000000000
135.032022506	118.815312000	0.000000000
135.127933578	118.005964000	0.000000000
135.223861692	119.011976000	0.000000000
135.319835901	118.913644000	0.000000000
135.415786643	119.034668000	0.000000000
135.511730681	119.140564000	0.000000000
135.607638401	118.890952000	0.000000000
135.687965091	118.913644000	0.000000000
135.783925052	118.996848000	0.000000000
135.879860150	118.769928000	0.000000000
135.975786308	118.860696000	0.000000000
136.071725876	118.656468000	0.000000000
136.167656783	118.898516000	0.000000000
136.247977885	118.860696000	0.000000000
136.343949860	118.785056000	0.000000000
136.439870989	118.785056000	0.000000000
136.535816703	118.883388000	0.000000000
136.631747331	119.140564000	0.000000000
136.727697794	119.117872000	0.000000000
136.808021690	119.231332000	0.000000000
136.903949804	119.284280000	0.000000000
136.999887695	119.503636000	0.000000000
137.095833130	119.541456000	0.000000000
137.190761396	119.662480000	0.000000000
137.286679173	119.707864000	0.000000000
137.367028212	119.715428000	0.000000000
137.462975881	119.798632000	0.000000000
137.558945061	119.844016000	0.000000000
137.654867867	119.337228000	0.000000000
137.750784527	119.246460000	0.000000000
137.846712920	119.677608000	0.000000000
137.942646063	119.480944000	0.000000000
138.023050136	119.949912000	0.000000000
138.118929640	120.252472000	0.000000000
138.214866973	120.857592000	0.000000000
138.310803468	121.213100000	0.000000000
138.406727671	121.175280000	0.000000000
138.502714172	121.500532000	0.000000000
138.583000353	120.940796000	0.000000000
138.678941877	121.364380000	0.000000000
138.774897368	121.432456000	0.000000000
138.870825761	121.432456000	0.000000000
138.966752758	121.477840000	0.000000000
139.062695119	121.470276000	0.000000000
139.158660388	121.545916000	0.000000000
139.239023116	160.455132000	5.000000000
139.334898989	190.022808000	5.000000000
139.430829896	186.626572000	5.000000000
139.526804384	184.970056000	5.000000000
139.622705400	185.522228000	5.000000000
139.718642174	183.487512000	5.000000000
139.798969701	182.247016000	5.000000000
139.895000901	178.646552000	5.000000000
139.990850513	177.300160000	5.000000000
140.086802932	176.657220000	5.000000000
140.182731604	176.157996000	5.000000000
140.278665026	173.215600000	5.000000000
140.359001493	172.799580000	5.000000000
140.454913404	169.895004000	5.000000000
140.550901302	169.078092000	5.000000000
140.646820196	166.309668000	5.000000000
140.742745517	165.220452000	5.000000000
140.838688157	164.895200000	5.000000000
140.934640017	162.444464000	5.000000000
141.014941843	161.045124000	5.000000000
141.110895659	159.033100000	5.000000000
141.206844166	157.845552000	5.000000000
141.302790159	123.157048000	0.000000000
141.398724698	111.742972000	0.000000000
141.494658120	113.558332000	0.000000000
141.574990117	112.499372000	0.000000000
141.670918790	112.590140000	0.000000000
141.766848301	113.535640000	0.000000000
141.862788986	112.083352000	0.000000000
141.958743360	113.679356000	0.000000000
142.054697175	113.611280000	0.000000000
142.135005427	113.021288000	0.000000000
142.230946112	111.939636000	0.000000000
142.326877299	112.068224000	0.000000000
142.422831393	113.308720000	0.000000000
142.518734085	112.885136000	0.000000000
142.614682034	112.491808000	0.000000000
142.695021574	112.219504000	0.000000000
142.790946335	112.151428000	0.000000000
142.885936620	110.078892000	0.000000000
142.981868366	113.225516000	0.000000000
143.077771057	112.665780000	0.000000000
143.173690511	112.166556000	0.000000000
143.269638180	112.083352000	0.000000000
143.350049797	112.007712000	0.000000000
143.445934888	109.269544000	0.000000000
143.541866634	110.797472000	0.000000000
143.637791675	114.095376000	0.000000000
143.733759738	113.233080000	0.000000000
143.829668575	112.817060000	0.000000000
143.910018173	112.620396000	0.000000000
144.005942934	112.423732000	0.000000000
144.101866857	112.877572000	0.000000000
144.197807543	112.870008000	0.000000000
144.293733421	112.302708000	0.000000000
144.389692265	112.552320000	0.000000000
144.470011691	112.703600000	0.000000000
144.565939526	112.083352000	0.000000000
144.661892782	112.514500000	0.000000000
144.757844922	113.134748000	0.000000000
144.853764096	113.838200000	0.000000000
144.949791384	114.382808000	0.000000000
145.045644907	114.715624000	0.000000000
145.125973553	115.252668000	0.000000000
145.221891888	114.337424000	0.000000000
145.317840955	113.860892000	0.000000000
145.413784992	113.407052000	0.000000000
145.509719252	113.127184000	0.000000000
145.605658820	112.824624000	0.000000000
145.685964278	112.817060000	0.000000000
145.781946868	112.605268000	0.000000000
145.877899286	113.059108000	0.000000000
145.973806727	116.175476000	0.000000000
146.069737634	116.538548000	0.000000000
146.165686980	116.667136000	0.000000000
146.245994673	117.045336000	0.000000000
146.341940107	117.181488000	0.000000000
146.438026900	117.310076000	0.000000000
146.533821477	117.317640000	0.000000000
146.629758251	117.158796000	0.000000000
146.725693349	116.916748000	0.000000000
146.821642695	116.947004000	0.000000000
146.901990895	117.771480000	0.000000000
146.997898895	118.467368000	0.000000000
147.093865561	118.490060000	0.000000000
147.189792278	117.597508000	0.000000000
147.285765370	116.742776000	0.000000000
147.381632861	116.425088000	0.000000000
147.461993633	116.251116000	0.000000000
147.557928452	116.288936000	0.000000000
147.653874166	116.485600000	0.000000000
147.749793898	116.659572000	0.000000000
147.845739892	116.909184000	0.000000000
147.941770532	117.582380000	0.000000000
148.021999723	117.431100000	0.000000000
148.117982313	117.884940000	0.000000000
148.213902884	118.081604000	0.000000000
148.309827646	118.353908000	0.000000000
148.405740674	118.815312000	0.000000000
148.500723975	119.004412000	0.000000000
148.596633371	119.231332000	0.000000000
148.676963972	119.034668000	0.000000000
148.772892924	119.246460000	0.000000000
148.868842828	119.269152000	0.000000000
148.964790497	119.511200000	0.000000000
149.060730065	119.564148000	0.000000000
149.156643093	119.692736000	0.000000000
149.236988500	118.996848000	0.000000000
149.332916614	118.807748000	0.000000000
149.428846683	119.193512000	0.000000000
149.524813629	119.473380000	0.000000000
149.620737831	120.093628000	0.000000000
149.716662872	119.753248000	0.000000000
149.796990679	119.291844000	0.000000000
149.893025790	119.178384000	0.000000000
149.988894957	119.072488000	0.000000000
150.084810779	118.777492000	0.000000000
150.180742525	118.845568000	0.000000000
150.276682651	119.042232000	0.000000000
150.372639539	119.080052000	0.000000000
150.452934381	118.762364000	0.000000000
150.548929543	118.807748000	0.000000000
150.644847320	118.890952000	0.000000000
150.740784373	118.732108000	0.000000000
150.836712767	119.458252000	0.000000000
150.932678036	119.707864000	0.000000000
151.012998021	119.443124000	0.000000000
151.108937868	118.981720000	0.000000000
151.204845029	118.860696000	0.000000000
151.300791302	118.928772000	0.000000000
151.396735060	119.004412000	0.000000000
151.492670996	119.011976000	0.000000000
151.573084568	118.974156000	0.000000000
151.668943679	118.974156000	0.000000000
151.764879615	119.110308000	0.000000000
151.860816109	119.549020000	0.000000000
151.956776071	119.965040000	0.000000000
152.052696083	119.881836000	0.000000000
152.133037020	120.063372000	0.000000000
152.228936080	119.912092000	0.000000000
152.324894086	118.943900000	0.000000000
152.420842593	118.853132000	0.000000000
152.516761767	118.906080000	0.000000000
152.612694071	118.860696000	0.000000000
152.708664090	119.042232000	0.000000000
152.788963402	119.571712000	0.000000000
152.884959401	119.919656000	0.000000000
152.980871871	119.995296000	0.000000000
153.076785737	120.320548000	0.000000000
153.172706028	120.456700000	0.000000000
153.268679958	120.532340000	0.000000000
153.349014749	120.691184000	0.000000000
153.444973034	120.645800000	0.000000000
153.540877123	120.812208000	0.000000000
153.636816690	120.955924000	0.000000000
153.732774137	120.895412000	0.000000000
153.828691635	121.001308000	0.000000000
153.909030617	120.993744000	0.000000000
154.004981359	120.971052000	0.000000000
154.100906959	120.918104000	0.000000000
154.195849752	121.001308000	0.000000000
154.291764177	120.986180000	0.000000000
154.387780570	121.099640000	0.000000000
154.483631020	121.152588000	0.000000000
154.563969722	121.114768000	0.000000000
154.659887500	121.281176000	0.000000000
154.755867017	121.296304000	0.000000000
154.851800438	121.250920000	0.000000000
154.947793365	121.039128000	0.000000000
155.043682088	121.046692000	0.000000000
155.123995927	120.850028000	0.000000000
155.219947228	120.063372000	0.000000000
155.315871710	120.086064000	0.000000000
155.411809043	120.108756000	0.000000000
155.507820966	119.707864000	0.000000000
155.603696839	119.768376000	0.000000000
155.684036379	119.443124000	0.000000000
155.779984886	119.254024000	0.000000000
155.875897356	119.261588000	0.000000000
155.971815412	119.526328000	0.000000000
156.067779285	119.102744000	0.000000000
156.163748745	119.261588000	0.000000000
156.259640820	118.913644000	0.000000000
156.339965834	119.064924000	0.000000000
156.435928868	119.087616000	0.000000000
156.531853071	118.838004000	0.000000000
156.627798505	118.815312000	0.000000000
156.723717959	118.853132000	0.000000000
156.819662555	118.921208000	0.000000000
156.900019975	118.769928000	0.000000000
156.995914844	118.830440000	0.000000000
157.091870615	119.027104000	0.000000000
157.187816608	118.739672000	0.000000000
157.283746957	118.928772000	0.000000000
157.379658309	118.959028000	0.000000000
157.460002877	119.034668000	0.000000000
157.555947753	119.095180000	0.000000000
157.651914140	119.223768000	0.000000000
157.747829682	119.375048000	0.000000000
157.843771206	119.533892000	0.000000000
157.939728373	119.745684000	0.000000000
158.035646709	119.874272000	0.000000000
158.115967812	119.980168000	0.000000000
158.211916319	120.290292000	0.000000000
158.307850579	120.426444000	0.000000000
158.403766400	120.721440000	0.000000000
158.499720495	120.902976000	0.000000000
158.595659504	121.114768000	0.000000000
158.675987032	121.281176000	0.000000000
158.771927996	121.288740000	0.000000000
158.867879577	121.228228000	0.000000000
158.963821380	121.182844000	0.000000000
159.059746979	120.993744000	0.000000000
159.155687664	120.827336000	0.000000000
159.236022176	120.547468000	0.000000000
159.332044436	176.695040000	5.000000000
159.427868905	187.655276000	5.000000000
159.523819089	186.566060000	5.000000000
159.619772904	184.765828000	5.000000000
159.715713589	184.100196000	5.000000000
159.810635989	181.709972000	5.000000000
159.891010729	180.439220000	5.000000000
159.986994716	179.251672000	5.000000000
160.082878131	177.262340000	5.000000000
160.178791718	176.301712000	5.000000000
160.274720670	174.251868000	5.000000000
160.370671971	172.897912000	5.000000000
160.450998940	171.377548000	5.000000000
160.546925936	169.403344000	5.000000000
160.642874164	168.480536000	5.000000000
160.738791103	166.332360000	5.000000000
160.834742963	165.507884000	5.000000000
160.930676105	163.798420000	5.000000000
161.011031011	162.119212000	5.000000000
161.106947391	160.712308000	5.000000000
161.202871315	159.350788000	5.000000000
161.298832114	157.868244000	5.000000000
161.394855771	123.028460000	0.000000000
161.490725218	113.399488000	0.000000000
161.571023971	112.665780000	0.000000000
161.666964656	114.518960000	0.000000000
161.762917354	114.102940000	0.000000000
161.858850217	112.885136000	0.000000000
161.954786712	114.110504000	0.000000000
162.050712311	114.095376000	0.000000000
162.146662774	112.960776000	0.000000000
162.226970188	112.401040000	0.000000000
162.322994962	113.376796000	0.000000000
162.418873628	113.959224000	0.000000000
162.514786376	113.785252000	0.000000000
162.610723430	112.885136000	0.000000000
162.706691493	112.892700000	0.000000000
162.786993040	112.817060000	0.000000000
162.883000772	112.998596000	0.000000000
162.978878880	113.429744000	0.000000000
163.074858676	113.505384000	0.000000000
163.170778409	112.892700000	0.000000000
163.266684174	112.575012000	0.000000000
163.347027904	112.340528000	0.000000000
163.442973618	112.696036000	0.000000000
163.538895865	113.346540000	0.000000000
163.634814481	113.989480000	0.000000000
163.730798747	113.830636000	0.000000000
163.826723229	113.830636000	0.000000000
163.922642124	113.331412000	0.000000000
164.002963505	113.354104000	0.000000000
164.098909498	113.293592000	0.000000000
164.194882590	113.596152000	0.000000000
164.290879707	113.989480000	0.000000000
164.386726246	114.579472000	0.000000000
164.482660785	114.791264000	0.000000000
164.562990827	115.078696000	0.000000000
164.658921734	115.282924000	0.000000000
164.754928350	115.086260000	0.000000000
164.850822381	114.670240000	0.000000000
164.946756641	114.798828000	0.000000000
165.042688666	115.298052000	0.000000000
165.138653097	115.245104000	0.000000000
165.218974199	115.078696000	0.000000000
165.314891976	115.207284000	0.000000000
165.409810744	115.298052000	0.000000000
165.505783836	115.426640000	0.000000000
165.601720610	115.282924000	0.000000000
165.697666044	115.517408000	0.000000000
165.778008099	115.971248000	0.000000000
165.873924759	116.765468000	0.000000000
165.969843933	116.841108000	0.000000000
166.065806967	116.644444000	0.000000000
166.161736478	116.576368000	0.000000000
166.257669341	116.470472000	0.000000000
166.337996030	116.357012000	0.000000000
166.433918557	115.956120000	0.000000000
166.529874048	115.918300000	0.000000000
166.625810822	116.205732000	0.000000000
166.721742288	116.780596000	0.000000000
166.817670123	116.818416000	0.000000000
166.913662491	116.788160000	0.000000000
166.993935263	116.856236000	0.000000000
167.089898018	116.591496000	0.000000000
167.185848201	116.780596000	0.000000000
167.281792518	117.196616000	0.000000000
167.377718677	117.461356000	0.000000000
167.473633660	117.953016000	0.000000000
167.553986889	118.232884000	0.000000000
167.649928133	118.164808000	0.000000000
167.745848425	117.983272000	0.000000000
167.841772628	117.801736000	0.000000000
167.937740970	118.255576000	0.000000000
168.033687522	118.497624000	0.000000000
168.114038237	118.671596000	0.000000000
168.209942884	118.785056000	0.000000000
168.305909550	118.928772000	0.000000000
168.401870070	118.278268000	0.000000000
168.497739517	117.869812000	0.000000000
168.593686069	117.695840000	0.000000000
168.674025330	117.431100000	0.000000000
168.769965457	118.300960000	0.000000000
168.865865075	117.960580000	0.000000000
168.961852694	118.391728000	0.000000000
169.057797011	118.414420000	0.000000000
169.153702216	118.406856000	0.000000000
169.249641505	118.648904000	0.000000000
169.329969870	118.724544000	0.000000000
169.425922568	118.648904000	0.000000000
169.521850962	118.474932000	0.000000000
169.617811761	118.527880000	0.000000000
169.713721995	118.565700000	0.000000000
169.809666312	118.906080000	0.000000000
169.890064240	118.845568000	0.000000000
169.986004087	118.989284000	0.000000000
170.081861522	119.435560000	0.000000000
170.177811146	119.654916000	0.000000000
170.273778930	119.291844000	0.000000000
170.369689164	119.367484000	0.000000000
170.450085695	119.261588000	0.000000000
170.545958774	119.042232000	0.000000000
170.641900297	118.928772000	0.000000000
170.737825618	119.382612000	0.000000000
170.833767420	119.276716000	0.000000000
170.929712016	119.375048000	0.000000000
171.024657603	119.420432000	0.000000000
171.104973397	119.518764000	0.000000000
171.200889778	119.556584000	0.000000000
171.296837447	119.201076000	0.000000000
171.392797967	118.860696000	0.000000000
171.488720773	119.201076000	0.000000000
171.584641344	118.981720000	0.000000000
171.664990662	119.261588000	0.000000000
171.760953138	119.344792000	0.000000000
171.856874547	119.549020000	0.000000000
171.952807969	120.093628000	0.000000000
172.048743905	119.934784000	0.000000000
172.144701352	119.927220000	0.000000000
172.224990886	119.836452000	0.000000000
172.320983253	119.859144000	0.000000000
172.416898796	119.564148000	0.000000000
172.512819646	119.836452000	0.000000000
172.608734071	119.382612000	0.000000000
172.704710794	119.420432000	0.000000000
172.800644216	119.185948000	0.000000000
172.880990182	119.125436000	0.000000000
172.976954054	120.070936000	0.000000000
173.072843895	120.850028000	0.000000000
173.168798269	118.482496000	0.000000000
173.264784491	117.484048000	0.000000000
173.360641925	117.408408000	0.000000000
173.441000462	117.090720000	0.000000000
173.536923827	116.931876000	0.000000000
173.632859204	116.939440000	0.000000000
173.728797096	116.674700000	0.000000000
173.824738898	116.727648000	0.000000000
173.920689361	116.561240000	0.000000000
174.001005156	116.470472000	0.000000000
174.096958133	116.288936000	0.000000000
174.192898539	116.213296000	0.000000000
174.288818830	116.077144000	0.000000000
174.384751414	116.024196000	0.000000000
174.480696569	115.948556000	0.000000000
174.576637813	115.880480000	0.000000000
174.656973442	115.759456000	0.000000000
174.752897365	115.925864000	0.000000000
174.848852857	116.213296000	0.000000000
174.944787676	117.158796000	0.000000000
175.040730037	117.506740000	0.000000000
175.136637198	117.196616000	0.000000000
175.217002999	117.453792000	0.000000000
175.312914910	117.249564000	0.000000000
175.408852242	117.226872000	0.000000000
175.504868915	117.090720000	0.000000000
175.600753168	117.189052000	0.000000000
175.696670387	117.272256000	0.000000000
175.777041775	117.332768000	0.000000000
175.872950333	118.126988000	0.000000000
175.968876212	118.285832000	0.000000000
176.064850421	118.527880000	0.000000000
176.160753951	117.680712000	0.000000000
176.256693798	117.816864000	0.000000000
176.352641746	118.452240000	0.000000000
176.432960334	118.732108000	0.000000000
176.528897108	118.255576000	0.000000000
176.624848130	117.922760000	0.000000000
176.719776955	118.021092000	0.000000000
176.815692497	117.219308000	0.000000000
176.911682630	117.370588000	0.000000000
176.991963783	117.226872000	0.000000000
177.087920392	117.960580000	0.000000000
177.183851858	119.049796000	0.000000000
177.279879985	119.117872000	0.000000000
177.375740492	119.412868000	0.000000000
177.471672238	119.473380000	0.000000000
177.552022673	119.760812000	0.000000000
177.647948831	119.934784000	0.000000000
177.743872196	119.813760000	0.000000000
177.839795281	119.919656000	0.000000000
177.935787090	119.919656000	0.000000000
178.031714087	119.896964000	0.000000000
178.112024573	119.889400000	0.000000000
178.207978109	120.161704000	0.000000000
178.303903708	120.486956000	0.000000000
178.399855289	120.865156000	0.000000000
178.495802958	119.632224000	0.000000000
178.591690564	119.836452000	0.000000000
178.687637116	120.123884000	0.000000000
178.767978891	120.244908000	0.000000000
178.863901138	120.555032000	0.000000000
178.959878141	120.729004000	0.000000000
179.055796756	119.768376000	0.000000000
179.151711181	119.987732000	0.000000000
179.247662482	120.108756000	0.000000000
179.328086950	120.365932000	0.000000000
179.423973159	175.265444000	5.000000000
179.519894288	187.685532000	5.000000000
179.615788040	187.050156000	5.000000000
179.711743811	184.652368000	5.000000000
179.807697068	183.911096000	5.000000000
179.888092760	181.800740000	5.000000000
179.984039871	180.325760000	5.000000000
180.079903731	179.160904000	5.000000000
180.175827933	177.580028000	5.000000000
180.271773088	175.878128000	5.000000000
180.367715729	174.463660000	5.000000000
180.463635462	173.117268000	5.000000000
180.543982545	171.944848000	5.000000000
180.639888869	169.017580000	5.000000000
180.735862798	169.410908000	5.000000000
180.831801807	166.385308000	5.000000000
180.927716791	166.733252000	5.000000000
181.023636244	164.184184000	5.000000000
181.103995340	162.648692000	5.000000000
181.200010616	162.013316000	5.000000000
181.295877269	159.577708000	5.000000000
181.391848405	159.176816000	5.000000000
181.487768417	122.718336000	0.000000000
181.583688988	113.694484000	0.000000000
181.664001710	114.587036000	0.000000000
181.759958039	114.466012000	0.000000000
181.855906826	114.503832000	0.000000000
181.951843600	114.344988000	0.000000000
182.047744895	114.231528000	0.000000000
182.143721618	114.171016000	0.000000000
182.239647776	114.208836000	0.000000000
182.318999202	114.163452000	0.000000000
182.414962516	113.754996000	0.000000000
182.510849284	113.255772000	0.000000000
182.606812877	112.302708000	0.000000000
182.702730096	112.393476000	0.000000000
182.798676927	113.255772000	0.000000000
182.879008086	113.376796000	0.000000000
182.974938714	112.839752000	0.000000000
183.070867107	111.788356000	0.000000000
183.166824555	111.841304000	0.000000000
183.262752668	113.807944000	0.000000000
183.358665696	113.679356000	0.000000000
183.454659461	113.376796000	0.000000000
183.534942011	113.149876000	0.000000000
183.630900017	112.522064000	0.000000000
183.726825337	112.174120000	0.000000000
183.822779152	112.242196000	0.000000000
183.918695533	113.800380000	0.000000000
184.014635380	114.352552000	0.000000000
184.094949498	114.723188000	0.000000000
184.190953599	114.571908000	0.000000000
184.286850144	115.139208000	0.000000000
184.382810944	114.390372000	0.000000000
184.478758613	113.407052000	0.000000000
184.574684213	113.437308000	0.000000000
184.654989391	113.422180000	0.000000000
184.750922813	114.307168000	0.000000000
184.846878304	115.714072000	0.000000000
184.942803345	115.593048000	0.000000000
185.038791522	115.676252000	0.000000000
185.134661808	115.585484000	0.000000000
185.215015875	116.251116000	0.000000000
185.310946503	116.727648000	0.000000000
185.406888306	116.515856000	0.000000000
185.502817258	116.561240000	0.000000000
185.598767441	116.062016000	0.000000000
185.694693599	116.062016000	0.000000000
185.775026994	115.351000000	0.000000000
185.870978015	115.464460000	0.000000000
185.966896351	115.638432000	0.000000000
186.062852122	115.865352000	0.000000000
186.158772414	116.069580000	0.000000000
186.254725112	116.493164000	0.000000000
186.350673340	116.841108000	0.000000000
186.430967064	117.249564000	0.000000000
186.526966416	117.521868000	0.000000000
186.622867711	117.794172000	0.000000000
186.718812587	118.005964000	0.000000000
186.814731481	117.953016000	0.000000000
186.910690605	118.119424000	0.000000000
186.991020646	118.285832000	0.000000000
187.086946525	117.915196000	0.000000000
187.182867934	117.544560000	0.000000000
187.278826220	117.408408000	0.000000000
187.374767743	117.105848000	0.000000000
187.470693063	116.984824000	0.000000000
187.551089873	116.947004000	0.000000000
187.646982787	117.052900000	0.000000000
187.742898888	117.015080000	0.000000000
187.838817503	117.090720000	0.000000000
187.934780538	117.302512000	0.000000000
188.029761324	117.733660000	0.000000000
188.125635521	118.164808000	0.000000000
188.206063061	118.043784000	0.000000000
188.301923289	117.665584000	0.000000000
188.397878781	118.157244000	0.000000000
188.493829523	116.682264000	0.000000000
188.589716011	116.833544000	0.000000000
188.685689662	116.818416000	0.000000000
188.766007132	117.052900000	0.000000000
188.861932173	117.476484000	0.000000000
188.957883753	118.792620000	0.000000000
189.053838127	118.875824000	0.000000000
189.149742495	118.936336000	0.000000000
189.245718380	119.072488000	0.000000000
189.341642024	118.959028000	0.000000000
189.421975139	119.133000000	0.000000000
189.517903253	119.427996000	0.000000000
189.613834719	119.011976000	0.000000000
189.709798033	119.405304000	0.000000000
189.805720839	119.420432000	0.000000000
189.901686667	119.322100000	0.000000000
189.981977598	119.155692000	0.000000000
190.077922473	119.133000000	0.000000000
190.173846676	119.488508000	0.000000000
190.269801050	119.526328000	0.000000000
190.365727767	119.443124000	0.000000000
190.461676833	119.337228000	0.000000000
190.542050735	119.057360000	0.000000000
190.637932195	119.359920000	0.000000000
190.733909198	118.890952000	0.000000000
190.829824461	118.701852000	0.000000000
190.925748664	118.573264000	0.000000000
191.021666441	118.527880000	0.000000000
191.117642047	119.027104000	0.000000000
191.197950857	118.701852000	0.000000000
191.293899364	118.860696000	0.000000000
191.389900672	119.064924000	0.000000000
191.485779897	118.641340000	0.000000000
191.581728125	119.254024000	0.000000000
191.677642270	118.860696000	0.000000000
191.758007791	119.163256000	0.000000000
191.853929759	119.465816000	0.000000000
191.949937771	119.276716000	0.000000000
192.045773695	119.518764000	0.000000000
192.141767180	119.450688000	0.000000000
192.237687471	119.488508000	0.000000000
192.318068917	119.533892000	0.000000000
192.413929424	119.828888000	0.000000000
192.509893017	119.427996000	0.000000000
192.605816102	119.760812000	0.000000000
192.701755670	119.934784000	0.000000000
192.797678755	119.692736000	0.000000000
192.878040086	119.896964000	0.000000000
192.973952555	119.836452000	0.000000000
193.069898549	120.123884000	0.000000000
193.165844542	119.722992000	0.000000000
193.261774890	119.745684000	0.000000000
193.357716693	119.828888000	0.000000000
193.453636426	119.919656000	0.000000000
193.533979039	119.745684000	0.000000000
193.629923077	119.397740000	0.000000000
193.724861679	119.949912000	0.000000000
193.820766047	119.957476000	0.000000000
193.916786072	120.154140000	0.000000000
194.012677589	120.297856000	0.000000000
194.092989193	119.889400000	0.000000000
194.188954183	119.458252000	0.000000000
194.284920570	119.443124000	0.000000000
194.380803426	119.473380000	0.000000000
194.476758080	119.458252000	0.000000000
194.572710219	119.579276000	0.000000000
194.653029924	119.511200000	0.000000000
194.748959155	119.511200000	0.000000000
194.844883917	119.533892000	0.000000000
194.940836894	119.125436000	0.000000000
195.036783725	119.813760000	0.000000000
195.132706811	119.397740000	0.000000000
195.228643305	119.480944000	0.000000000
195.308982007	119.450688000	0.000000000
195.404903416	119.518764000	0.000000000
195.500852203	119.549020000	0.000000000
195.596791212	119.662480000	0.000000000
195.692719605	119.791068000	0.000000000
195.788668113	119.821324000	0.000000000
195.868977761	119.904528000	0.000000000
195.964941913	120.184396000	0.000000000
196.060900198	120.706312000	0.000000000
196.156801493	120.789516000	0.000000000
196.252760896	120.449136000	0.000000000
196.348694597	120.214652000	0.000000000
196.429000334	120.434008000	0.000000000
196.524952194	120.244908000	0.000000000
196.620949031	119.972604000	0.000000000
196.716837475	119.972604000	0.000000000
196.812784586	119.995296000	0.000000000
196.908730858	119.995296000	0.000000000
197.004642210	120.040680000	0.000000000
197.084976163	119.942348000	0.000000000
197.180901204	119.919656000	0.000000000
197.276816746	120.070936000	0.000000000
197.372801571	120.108756000	0.000000000
197.468712644	120.207088000	0.000000000
197.564637126	120.154140000	0.000000000
197.644995942	120.418880000	0.000000000
197.740925173	120.486956000	0.000000000
197.836894633	120.547468000	0.000000000
197.932803750	120.774388000	0.000000000
198.028748067	120.850028000	0.000000000
198.124666124	120.857592000	0.000000000
198.204999239	121.076948000	0.000000000
198.300913384	121.409764000	0.000000000
198.396918603	121.356816000	0.000000000
198.492870183	121.160152000	0.000000000
198.588767846	119.987732000	0.000000000
198.684689814	120.154140000	0.000000000
198.780642791	120.086064000	0.000000000
198.860988757	120.275164000	0.000000000
198.956901506	120.343240000	0.000000000
199.052847499	120.403752000	0.000000000
199.148798520	120.509648000	0.000000000
199.243721758	120.486956000	0.000000000
199.339635065	120.570160000	0.000000000
199.420013717	120.660928000	0.000000000
199.515959151	175.325956000	5.000000000
199.611846757	187.950272000	5.000000000
199.707813423	187.156052000	5.000000000
199.803747124	185.983632000	5.000000000
199.899745359	183.782508000	5.000000000
199.980067858	182.292400000	5.000000000
200.075969432	180.582936000	5.000000000
200.171878828	179.546668000	5.000000000
200.267818117	178.744884000	5.000000000
200.363761875	176.649656000	5.000000000
200.459696135	174.751092000	5.000000000
200.555644083	173.155088000	5.000000000
200.635951217	171.710364000	5.000000000
200.731905312	170.000900000	5.000000000
200.827850188	169.320140000	5.000000000
200.923833336	166.702996000	5.000000000
201.019694961	165.991980000	5.000000000
201.115671964	164.123672000	5.000000000
201.195984965	162.096520000	5.000000000
201.291918666	161.809088000	5.000000000
201.387922208	159.138996000	5.000000000
201.483807020	158.042216000	5.000000000
201.579772010	126.235596000	0.000000000
201.675699006	114.269348000	0.000000000
201.756014242	114.276912000	0.000000000
201.851953810	115.615740000	0.000000000
201.947885276	114.919852000	0.000000000
202.043841606	113.876020000	0.000000000
202.139749046	115.131644000	0.000000000
202.235709008	114.677804000	0.000000000
202.316067545	113.142312000	0.000000000
202.411961576	113.354104000	0.000000000
202.507910922	113.437308000	0.000000000
202.603851607	114.261784000	0.000000000
202.699786146	112.824624000	0.000000000
202.795702247	112.484244000	0.000000000
202.891802450	112.575012000	0.000000000
202.972050917	113.338976000	0.000000000
203.067941317	113.981916000	0.000000000
203.163845684	114.443320000	0.000000000
203.259827436	112.272452000	0.000000000
203.355718394	112.453988000	0.000000000
203.451673327	112.136300000	0.000000000
203.532025160	112.423732000	0.000000000
203.627947407	113.407052000	0.000000000
203.723878873	114.246656000	0.000000000
203.819846656	114.027300000	0.000000000
203.915768624	113.096928000	0.000000000
204.011698414	113.369232000	0.000000000
204.092037675	113.936532000	0.000000000
204.187960481	113.966788000	0.000000000
204.283901166	113.876020000	0.000000000
204.379824251	113.391924000	0.000000000
204.475767451	113.422180000	0.000000000
204.571700314	113.951660000	0.000000000
204.667638764	114.571908000	0.000000000
204.747974952	115.108952000	0.000000000
204.843898875	114.957672000	0.000000000
204.939856043	115.192156000	0.000000000
205.034793249	115.313180000	0.000000000
205.130721642	115.472024000	0.000000000
205.226646683	115.456896000	0.000000000
205.307004102	115.479588000	0.000000000
205.402922997	115.517408000	0.000000000
205.498963416	116.130092000	0.000000000
205.594798222	116.478036000	0.000000000
205.690755110	115.608176000	0.000000000
205.786699986	115.260232000	0.000000000
205.867005723	115.842660000	0.000000000
205.962977418	116.016632000	0.000000000
206.058992134	115.925864000	0.000000000
206.154814090	116.009068000	0.000000000
206.250747232	116.251116000	0.000000000
206.346723955	116.659572000	0.000000000
206.442678050	116.621752000	0.000000000
206.522976803	116.924312000	0.000000000
206.618899888	117.015080000	0.000000000
206.714861526	116.977260000	0.000000000
206.810799417	117.045336000	0.000000000
206.906727252	117.143668000	0.000000000
207.002677715	117.257128000	0.000000000
207.082999096	117.287384000	0.000000000
207.178923020	117.408408000	0.000000000
207.274856162	117.355460000	0.000000000
207.370818079	117.347896000	0.000000000
207.466750104	117.453792000	0.000000000
207.562681849	117.325204000	0.000000000
207.642995409	117.514304000	0.000000000
207.738956767	117.120976000	0.000000000
207.834900246	117.363024000	0.000000000
207.930844563	117.219308000	0.000000000
208.026749489	117.128540000	0.000000000
208.122691851	117.332768000	0.000000000
208.218651253	118.119424000	0.000000000
208.298957270	117.854684000	0.000000000
208.394927847	118.157244000	0.000000000
208.490847859	118.482496000	0.000000000
208.586774576	118.195064000	0.000000000
208.682720569	118.172372000	0.000000000
208.778674664	118.338780000	0.000000000
208.858998560	118.414420000	0.000000000
208.954939804	118.505188000	0.000000000
209.050879372	118.444676000	0.000000000
209.146799104	118.021092000	0.000000000
209.242749288	118.482496000	0.000000000
209.338678799	118.656468000	0.000000000
209.419027558	118.679160000	0.000000000
209.514961538	119.027104000	0.000000000
209.610882389	119.185948000	0.000000000
209.706834528	119.450688000	0.000000000
209.802772978	119.806196000	0.000000000
209.898711987	119.866708000	0.000000000
209.994639822	119.927220000	0.000000000
210.074972098	119.496072000	0.000000000
210.170902168	118.868260000	0.000000000
210.266848720	119.034668000	0.000000000
210.362768732	119.042232000	0.000000000
210.458692934	118.936336000	0.000000000
210.554674966	118.611084000	0.000000000
210.633985884	118.573264000	0.000000000
210.729924055	118.641340000	0.000000000
210.825882340	118.595956000	0.000000000
210.921814644	118.656468000	0.000000000
211.017759240	118.512752000	0.000000000
211.113670872	118.437112000	0.000000000
211.194042539	118.671596000	0.000000000
211.289984062	118.981720000	0.000000000
211.385888151	118.890952000	0.000000000
211.481811236	118.716980000	0.000000000
211.577764213	118.444676000	0.000000000
211.673700428	118.512752000	0.000000000
211.754034661	118.558136000	0.000000000
211.849985124	118.679160000	0.000000000
211.945909047	119.201076000	0.000000000
212.041844424	118.936336000	0.000000000
212.137774214	119.064924000	0.000000000
212.233717414	119.223768000	0.000000000
212.329682683	119.027104000	0.000000000
212.410009093	119.359920000	0.000000000
212.505910109	119.117872000	0.000000000
212.601885435	119.450688000	0.000000000
212.697796787	119.397740000	0.000000000
212.793730488	119.458252000	0.000000000
212.889730957	119.458252000	0.000000000
212.970048149	119.533892000	0.000000000
213.065950561	119.511200000	0.000000000
213.161891805	119.617096000	0.000000000
213.257826623	119.783504000	0.000000000
213.353754737	120.517212000	0.000000000
213.449691790	119.995296000	0.000000000
213.530015686	120.101192000	0.000000000
213.625978721	120.123884000	0.000000000
213.721911025	120.184396000	0.000000000
213.817829082	120.373496000	0.000000000
213.913772560	120.191960000	0.000000000
214.009730008	119.912092000	0.000000000
214.105635772	120.146576000	0.000000000
214.185968608	120.305420000	0.000000000
214.281919071	120.101192000	0.000000000
214.377867019	120.101192000	0.000000000
214.473795971	120.222216000	0.000000000
214.569728555	119.942348000	0.000000000
214.665667005	120.033116000	0.000000000
214.746005149	119.965040000	0.000000000
214.841932424	119.851580000	0.000000000
214.937893224	119.753248000	0.000000000
215.033857096	119.896964000	0.000000000
215.129748055	119.586840000	0.000000000
215.225679241	119.874272000	0.000000000
215.321647584	119.874272000	0.000000000
215.401941867	120.078500000	0.000000000
215.497893727	119.957476000	0.000000000
215.593822120	119.965040000	0.000000000
215.689862818	119.874272000	0.000000000
215.785733941	119.972604000	0.000000000
215.881652277	120.101192000	0.000000000
215.962006344	120.116320000	0.000000000
216.057923004	120.131448000	0.000000000
216.153852235	120.260036000	0.000000000
216.249776438	120.244908000	0.000000000
216.344729847	120.275164000	0.000000000
216.440691205	120.297856000	0.000000000
216.521033819	120.562596000	0.000000000
216.616929247	120.434008000	0.000000000
216.712879710	120.592852000	0.000000000
216.808822630	120.653364000	0.000000000
216.904765550	120.766824000	0.000000000
217.000684724	120.933232000	0.000000000
217.096646082	120.978616000	0.000000000
217.176955730	121.213100000	0.000000000
217.272874066	121.402200000	0.000000000
217.368818663	121.137460000	0.000000000
217.464775272	121.160152000	0.000000000
217.560699195	121.273612000	0.000000000
217.656655525	121.099640000	0.000000000
217.736989198	121.311432000	0.000000000
217.832931560	120.857592000	0.000000000
217.928865820	120.736568000	0.000000000
218.024861260	120.365932000	0.000000000
218.120745234	119.692736000	0.000000000
218.216666085	119.617096000	0.000000000
218.297010095	119.609532000	0.000000000
218.392940723	119.518764000	0.000000000
218.488875541	120.260036000	0.000000000
218.584794995	119.949912000	0.000000000
218.680743782	120.002860000	0.000000000
218.776704022	119.670044000	0.000000000
218.857035461	120.154140000	0.000000000
218.953041238	120.123884000	0.000000000
219.048876324	119.783504000	0.000000000
219.144847739	120.895412000	0.000000000
219.240771942	120.282728000	0.000000000
219.336711509	120.222216000	0.000000000
219.417027024	120.592852000	0.000000000
219.512974414	120.577724000	0.000000000
